! 11Li range in CF4
! apply ZOOM for details
Energy (MeV/u)1	0 - [He-base] F.Hubert et al, AD&ND Tables 46(1990)1	Energy (MeV/u)2	1 - [H -base] J.F.Ziegler et al,Pergamon Press,NY(low energy)	Energy (MeV/u)3	2 - ATIMA 1.2 LS-theory (recommended for high energy)	Energy (MeV/u)4	3 - ATIMA 1.2 without LS-correction	Energy (MeV/u)5	4 - ATIMA 1.4 H.Weick, improved mean charge formula for HI	Energy (MeV/u)6	5 - Range straggling - method [0] - LISE	Energy (MeV/u)7	6 - Range straggling - method [1] - Atima	Energy (MeV/u)8	7 - Lateral range - method [0] - LISE	Energy (MeV/u)9	8 - Lateral range - method [1] - Atima	Energy (MeV/u)10	9 - Lateral range - method [2] - PDG	
0.001000	804.33    	0.001000	804.33    	0.001000	681.196   	0.001000	681.196   	0.001000	681.52    	0.001000	0         	0.001000	0         	0.001000	14.5007   	0.001000	22.7655   	0.001000	10.9481   	
0.002000	1608.66   	0.002000	1608.66   	0.002000	1362.39   	0.002000	1362.39   	0.002000	1363.04   	0.002000	68.3999   	0.002000	68.3999   	0.002000	42.4698   	0.002000	64.4211   	0.002000	33.2994   	
0.005000	3725.99   	0.005000	3725.99   	0.005000	3160.2    	0.005000	3160.2    	0.005000	3161.23   	0.005000	82.3395   	0.005000	82.3395   	0.005000	155.376   	0.005000	227.163   	0.005000	126.201   	
0.008000	5462.44   	0.008000	5462.44   	0.008000	4671.21   	0.008000	4671.21   	0.008000	4672.38   	0.008000	82.8757   	0.008000	82.8757   	0.008000	283.51    	0.008000	407.933   	0.008000	233.483   	
0.010000	6475.14   	0.010000	6475.14   	0.010000	5570.09   	0.010000	5570.09   	0.010000	5571.32   	0.010000	84.6648   	0.010000	84.6648   	0.010000	371.729   	0.010000	531.11    	0.010000	307.932   	
0.015000	8671.6    	0.015000	8671.6    	0.015000	7559.79   	0.015000	7559.79   	0.015000	7561.1    	0.015000	93.2099   	0.015000	93.2099   	0.015000	594.796   	0.015000	839.756   	0.015000	497.451   	
0.020000	10565.2   	0.020000	10565.2   	0.020000	9291.88   	0.020000	9291.88   	0.020000	9293.22   	0.020000	103.819   	0.020000	103.819   	0.020000	817.192   	0.020000	1142.92   	0.020000	687.641   	
0.025000	12193.2   	0.025000	12193.2   	0.025000	10835.4   	0.025000	10835.4   	0.025000	10836.8   	0.025000	114.07    	0.025000	114.07    	0.025000	1026.46   	0.025000	1409.3    	0.025000	868.257   	
0.030000	13619.2   	0.030000	13619.2   	0.030000	12249.6   	0.030000	12249.6   	0.030000	12251     	0.030000	123.608   	0.030000	123.608   	0.030000	1188.4    	0.030000	1604.29   	0.030000	1006.65   	
0.035000	14913.3   	0.035000	14913.3   	0.035000	13576.8   	0.035000	13576.8   	0.035000	13578.2   	0.035000	132.573   	0.035000	132.573   	0.035000	1316.72   	0.035000	1755.72   	0.035000	1116.61   	
0.040000	16118.1   	0.040000	16118.1   	0.040000	14830.1   	0.040000	14830.1   	0.040000	14831.6   	0.040000	140.868   	0.040000	140.868   	0.040000	1423.39   	0.040000	1881      	0.040000	1207.53   	
0.045000	17256.6   	0.045000	17256.6   	0.045000	16020.2   	0.045000	16020.2   	0.045000	16021.6   	0.045000	148.506   	0.045000	148.506   	0.045000	1514.61   	0.045000	1988.25   	0.045000	1286.35   	
0.050000	18342.4   	0.050000	18342.4   	0.050000	17155.4   	0.050000	17155.4   	0.050000	17156.8   	0.050000	155.537   	0.050000	155.112   	0.050000	1594.16   	0.050000	2082.18   	0.050000	1354.53   	
0.055000	19383     	0.055000	19383     	0.055000	18242.6   	0.055000	18242.6   	0.055000	18244     	0.055000	162.025   	0.055000	160.895   	0.055000	1663.98   	0.055000	2164.95   	0.055000	1415.45   	
0.060000	20383.6   	0.060000	20383.6   	0.060000	19287.6   	0.060000	19287.6   	0.060000	19289     	0.060000	168.034   	0.060000	166.182   	0.060000	1726.84   	0.060000	2239.81   	0.060000	1470.22   	
0.070000	22283.4   	0.070000	22283.4   	0.070000	21269.6   	0.070000	21269.6   	0.070000	21271     	0.070000	178.842   	0.070000	175.563   	0.070000	1836      	0.070000	2370.07   	0.070000	1565.11   	
0.080000	24072.4   	0.080000	24072.4   	0.080000	23132.2   	0.080000	23132.2   	0.080000	23133.7   	0.080000	188.348   	0.080000	183.713   	0.080000	1929.03   	0.080000	2481.19   	0.080000	1645.72   	
0.090000	25773.5   	0.090000	25773.5   	0.090000	24898.6   	0.090000	24898.6   	0.090000	24900.1   	0.090000	196.85    	0.090000	190.942   	0.090000	2008.53   	0.090000	2576.81   	0.090000	1716.34   	
0.100000	27403.8   	0.100000	27403.8   	0.100000	26586.4   	0.100000	26586.4   	0.100000	26587.9   	0.100000	204.568   	0.100000	197.466   	0.100000	2079.94   	0.100000	2662.16   	0.100000	1778.6    	
0.120000	30489.4   	0.120000	30489.4   	0.120000	29779     	0.120000	29779     	0.120000	29780.5   	0.120000	218.279   	0.120000	208.99    	0.120000	2202.08   	0.120000	2807.85   	0.120000	1886.08   	
0.140000	33388.1   	0.140000	33388.1   	0.140000	32791.4   	0.140000	32791.4   	0.140000	32792.9   	0.140000	230.403   	0.140000	219.123   	0.140000	2305.95   	0.140000	2930.63   	0.140000	1978.09   	
0.160000	36155.5   	0.160000	36155.5   	0.160000	35678.3   	0.160000	35678.3   	0.160000	35679.8   	0.160000	241.504   	0.160000	228.365   	0.160000	2396.98   	0.160000	3037.08   	0.160000	2059.93   	
0.180000	38831.9   	0.180000	38831.9   	0.180000	38478.1   	0.180000	38478.1   	0.180000	38479.5   	0.180000	251.946   	0.180000	237.028   	0.180000	2479.61   	0.180000	3132.48   	0.180000	2133.57   	
0.200000	41444.5   	0.200000	41444.5   	0.200000	41218.4   	0.200000	41218.4   	0.200000	41219.9   	0.200000	261.977   	0.200000	245.325   	0.200000	2555.76   	0.200000	3219.04   	0.200000	2202.72   	
0.250000	47808.1   	0.250000	47808.1   	0.250000	47933.9   	0.250000	47933.9   	0.250000	47935.4   	0.250000	286.284   	0.250000	265.329   	0.250000	2728.69   	0.250000	3410.9    	0.250000	2358.99   	
0.300000	53978.6   	0.300000	53978.6   	0.300000	54595     	0.300000	54595     	0.300000	54596.5   	0.300000	310.541   	0.300000	285.154   	0.300000	2886.16   	0.300000	3579.56   	0.300000	2503.26   	
0.350000	60046.1   	0.350000	60046.1   	0.350000	61277.2   	0.350000	61277.2   	0.350000	61278.6   	0.350000	335.181   	0.350000	305.185   	0.350000	3033.9    	0.350000	3733.25   	0.350000	2639.19   	
0.400000	66102.5   	0.400000	66102.5   	0.400000	68064     	0.400000	68064     	0.400000	68065.5   	0.400000	360.867   	0.400000	325.948   	0.400000	3176.91   	0.400000	3877.71   	0.400000	2770.87   	
0.450000	72218.3   	0.450000	72218.3   	0.450000	75016.1   	0.450000	75016.1   	0.450000	75017.6   	0.450000	388.089   	0.450000	347.816   	0.450000	3311.82   	0.450000	4016.86   	0.450000	2901.84   	
0.500000	78436.8   	0.500000	78436.8   	0.500000	82167     	0.500000	82167     	0.500000	82168.5   	0.500000	417.089   	0.500000	370.961   	0.500000	3444.25   	0.500000	4152.34   	0.500000	3032.23   	
0.600000	91247.8   	0.600000	91247.8   	0.600000	97117.2   	0.600000	97117.2   	0.600000	97118.6   	0.600000	480.598   	0.600000	421.802   	0.600000	3707.53   	0.600000	4417.85   	0.600000	3295.88   	
0.700000	104755    	0.700000	104755    	0.700000	112964    	0.700000	112964    	0.700000	112965    	0.700000	551.288   	0.700000	481.294   	0.700000	3972.47   	0.700000	4686.24   	0.700000	3563.77   	
0.800000	118953    	0.800000	118953    	0.800000	129710    	0.800000	129710    	0.800000	129711    	0.800000	628.705   	0.800000	548.028   	0.800000	4242.02   	0.800000	4960.72   	0.800000	3838.82   	
0.900000	133775    	0.900000	133775    	0.900000	147343    	0.900000	147343    	0.900000	147345    	0.900000	712.358   	0.900000	620.496   	0.900000	4515.77   	0.900000	5241.44   	0.900000	4120.25   	
1.000000	149364    	1.000000	149364    	1.000000	165871    	1.000000	165871    	1.000000	165872    	1.000000	802.141   	1.000000	697.932   	1.000000	4796.14   	1.000000	5530.31   	1.000000	4409.38   	
1.250000	192032    	1.250000	192032    	1.250000	216102    	1.250000	216102    	1.250000	216103    	1.250000	1052.54   	1.250000	910.068   	1.250000	5480.27   	1.250000	6288.3    	1.250000	4934.93   	
1.500000	241304    	1.500000	241304    	1.500000	271676    	1.500000	271676    	1.500000	271678    	1.500000	1335.92   	1.500000	1142.95   	1.500000	5996.41   	1.500000	7092.78   	1.500000	5427.57   	
1.750000	297784    	1.750000	297784    	1.750000	332471    	1.750000	332471    	1.750000	332472    	1.750000	1650.74   	1.750000	1394      	1.750000	6566.25   	1.750000	7808.22   	1.750000	5969.55   	
2.000000	360786    	2.000000	360786    	2.000000	398451    	2.000000	398451    	2.000000	398452    	2.000000	1996.99   	2.000000	1662.63   	2.000000	7186.89   	2.000000	8453.64   	2.000000	6558.75   	
2.250000	429862    	2.250000	429862    	2.250000	469633    	2.250000	469633    	2.250000	469634    	2.250000	2375.44   	2.250000	1949.1    	2.250000	7857.43   	2.250000	9150.1    	2.250000	7194.71   	
2.500000	504900    	2.500000	504719    	2.500000	546048    	2.500000	546048    	2.500000	546049    	2.500000	2786.93   	2.500000	2253.82   	2.500000	8577.56   	2.500000	9896.2    	2.500000	7877.45   	
3.000000	682276    	3.000000	670893    	3.000000	714657    	3.000000	714657    	3.000000	714658    	3.000000	3711.52   	3.000000	2919.24   	3.000000	10166.4   	3.000000	11534     	3.000000	9383.7    	
3.500000	881695    	3.500000	858109    	3.500000	904356    	3.500000	904356    	3.500000	904357    	3.500000	4773.97   	3.500000	3660.31   	3.500000	11952.8   	3.500000	13361.4   	3.500000	11077.9   	
4.000000	1.10274e+06	4.000000	1.06569e+06	4.000000	1.1151e+06	4.000000	1.1151e+06	4.000000	1.1151e+06	4.000000	5975.37   	4.000000	4476.91   	4.000000	13935.9   	4.000000	15374.2   	4.000000	12959.9   	
4.500000	1.34505e+06	4.500000	1.29319e+06	4.500000	1.34676e+06	4.500000	1.34676e+06	4.500000	1.34676e+06	4.500000	7315.47   	4.500000	5367.64   	4.500000	16114.5   	4.500000	17568.7   	4.500000	15029     	
5.000000	1.60828e+06	5.000000	1.54023e+06	5.000000	1.59915e+06	5.000000	1.59915e+06	5.000000	1.59916e+06	5.000000	8793.22   	5.000000	6330.88   	5.000000	18487.1   	5.000000	19941.1   	5.000000	17283.9   	
5.500000	1.89213e+06	5.500000	1.80646e+06	5.500000	1.87208e+06	5.500000	1.87208e+06	5.500000	1.87208e+06	5.500000	10407.2   	5.500000	7365.11   	5.500000	21051.2   	5.500000	22487.5   	5.500000	19722.5   	
6.000000	2.19633e+06	6.000000	2.09154e+06	6.000000	2.1653e+06	6.000000	2.1653e+06	6.000000	2.16531e+06	6.000000	12155.9   	6.000000	8468.78   	6.000000	23805.5   	6.000000	25204.9   	6.000000	22343.7   	
6.500000	2.52062e+06	6.500000	2.3952e+06	6.500000	2.47863e+06	6.500000	2.47863e+06	6.500000	2.47863e+06	6.500000	14037.8   	6.500000	9640.38   	6.500000	26747.4   	6.500000	28089.8   	6.500000	25145.2   	
7.000000	2.86477e+06	7.000000	2.71717e+06	7.000000	2.81183e+06	7.000000	2.81183e+06	7.000000	2.81183e+06	7.000000	16051.4   	7.000000	10878.6   	7.000000	29875.3   	7.000000	31139.5   	7.000000	28125.6   	
7.500000	3.22855e+06	7.500000	3.05721e+06	7.500000	3.16472e+06	7.500000	3.16472e+06	7.500000	3.16472e+06	7.500000	18195.3   	7.500000	12182.2   	7.500000	33187.2   	7.500000	34351.1   	7.500000	31283     	
8.000000	3.61177e+06	8.000000	3.41509e+06	8.000000	3.5371e+06	8.000000	3.5371e+06	8.000000	3.5371e+06	8.000000	20468.3   	8.000000	13550.1   	8.000000	36681.6   	8.000000	37722.3   	8.000000	34616.1   	
8.500000	4.01422e+06	8.500000	3.79061e+06	8.500000	3.9288e+06	8.500000	3.9288e+06	8.500000	3.9288e+06	8.500000	22869.3   	8.500000	14980.9   	8.500000	40356.7   	8.500000	41250.7   	8.500000	38123.1   	
9.000000	4.43574e+06	9.000000	4.18355e+06	9.000000	4.33966e+06	9.000000	4.33966e+06	9.000000	4.33966e+06	9.000000	25397.2   	9.000000	16473.6   	9.000000	44211.1   	9.000000	44934.3   	9.000000	41802.9   	
9.500000	4.87614e+06	9.500000	4.59375e+06	9.500000	4.7695e+06	9.500000	4.7695e+06	9.500000	4.7695e+06	9.500000	28051.2   	9.500000	18027.4   	9.500000	48243.5   	9.500000	48771.1   	9.500000	45654.2   	
10.000000	5.33526e+06	10.000000	5.02081e+06	10.000000	5.2182e+06	10.000000	5.2182e+06	10.000000	5.2182e+06	10.000000	30830.3   	10.000000	19641.9   	10.000000	52452.5   	10.000000	52759.3   	10.000000	49675.8   	
11.000000	6.30905e+06	11.000000	5.91698e+06	11.000000	6.1721e+06	11.000000	6.17202e+06	11.000000	6.17212e+06	11.000000	36770.3   	11.000000	23056.6   	11.000000	61401.2   	11.000000	61188.7   	11.000000	58230.9   	
12.000000	7.35595e+06	12.000000	6.88705e+06	12.000000	7.20077e+06	12.000000	7.20045e+06	12.000000	7.20087e+06	12.000000	43217.9   	12.000000	26717     	12.000000	71054.2   	12.000000	70215.3   	12.000000	67465.5   	
13.000000	8.47487e+06	13.000000	7.93004e+06	13.000000	8.3032e+06	13.000000	8.30249e+06	13.000000	8.30342e+06	13.000000	50165     	13.000000	30615.2   	13.000000	81402.7   	13.000000	79827.7   	13.000000	77371.7   	
14.000000	9.66484e+06	14.000000	9.04506e+06	14.000000	9.47841e+06	14.000000	9.47721e+06	14.000000	9.47882e+06	14.000000	57603.8   	14.000000	34744.8   	14.000000	92438.2   	14.000000	90015.2   	14.000000	87941.7   	
15.000000	1.09249e+07	15.000000	1.02313e+07	15.000000	1.07255e+07	15.000000	1.07237e+07	15.000000	1.07262e+07	15.000000	65526.9   	15.000000	39102.4   	15.000000	104153    	15.000000	100768    	15.000000	99168     	
16.000000	1.22542e+07	16.000000	1.14878e+07	16.000000	1.20434e+07	16.000000	1.2041e+07	16.000000	1.20445e+07	16.000000	73927.4   	16.000000	43683.8   	16.000000	116538    	16.000000	112076    	16.000000	111043    	
17.000000	1.36519e+07	17.000000	1.2814e+07	17.000000	1.34315e+07	17.000000	1.34284e+07	17.000000	1.3433e+07	17.000000	82797.9   	17.000000	48482.4   	17.000000	129586    	17.000000	123931    	17.000000	123560    	
18.000000	1.51173e+07	18.000000	1.42091e+07	18.000000	1.48888e+07	18.000000	1.4885e+07	18.000000	1.48909e+07	18.000000	92131.2   	18.000000	53492.8   	18.000000	143289    	18.000000	136323    	18.000000	136712    	
19.000000	1.66495e+07	19.000000	1.56725e+07	19.000000	1.64144e+07	19.000000	1.64098e+07	19.000000	1.64171e+07	19.000000	101920    	19.000000	58710.9   	19.000000	157638    	19.000000	149243    	19.000000	150490    	
20.000000	1.8248e+07	20.000000	1.72034e+07	20.000000	1.80075e+07	20.000000	1.80022e+07	20.000000	1.8011e+07	20.000000	112156    	20.000000	64132.2   	20.000000	172625    	20.000000	162683    	20.000000	164887    	
21.000000	1.99119e+07	21.000000	1.88013e+07	21.000000	1.96673e+07	21.000000	1.96612e+07	21.000000	1.96716e+07	21.000000	122832    	21.000000	69752.2   	21.000000	188243    	21.000000	176633    	21.000000	179895    	
22.000000	2.16408e+07	22.000000	2.04656e+07	22.000000	2.13928e+07	22.000000	2.1386e+07	22.000000	2.13981e+07	22.000000	133939    	22.000000	75566.1   	22.000000	204480    	22.000000	191086    	22.000000	195507    	
23.000000	2.34339e+07	23.000000	2.21956e+07	23.000000	2.31833e+07	23.000000	2.31757e+07	23.000000	2.31896e+07	23.000000	145469    	23.000000	81569.5   	23.000000	221330    	23.000000	206031    	23.000000	211713    	
24.000000	2.52908e+07	24.000000	2.3991e+07	24.000000	2.50377e+07	24.000000	2.50295e+07	24.000000	2.50452e+07	24.000000	157414    	24.000000	87757.3   	24.000000	238783    	24.000000	221460    	24.000000	228507    	
25.000000	2.72107e+07	25.000000	2.5851e+07	25.000000	2.69553e+07	25.000000	2.69465e+07	25.000000	2.69641e+07	25.000000	169764    	25.000000	94124.8   	25.000000	256829    	25.000000	237365    	25.000000	245878    	
27.000000	3.12377e+07	27.000000	2.97631e+07	27.000000	3.09763e+07	27.000000	3.09667e+07	27.000000	3.0988e+07	27.000000	195642    	27.000000	107380    	27.000000	294664    	27.000000	270564    	27.000000	282319    	
29.000000	3.55108e+07	29.000000	3.3928e+07	29.000000	3.52392e+07	29.000000	3.52289e+07	29.000000	3.52541e+07	29.000000	223026    	29.000000	121295    	29.000000	334754    	29.000000	305556    	29.000000	320963    	
31.000000	4.0026e+07	31.000000	3.8342e+07	31.000000	3.97376e+07	31.000000	3.97271e+07	31.000000	3.97561e+07	31.000000	251859    	31.000000	135829    	31.000000	377032    	31.000000	342277    	31.000000	361748    	
33.000000	4.47797e+07	33.000000	4.30015e+07	33.000000	4.44729e+07	33.000000	4.44628e+07	33.000000	4.44952e+07	33.000000	282214    	33.000000	151030    	33.000000	421514    	33.000000	380736    	33.000000	404691    	
35.000000	4.97683e+07	35.000000	4.79031e+07	35.000000	4.94428e+07	35.000000	4.94338e+07	35.000000	4.94691e+07	35.000000	314086    	35.000000	166893    	35.000000	468176    	35.000000	420909    	35.000000	449774    	
38.000000	5.76847e+07	38.000000	5.57024e+07	38.000000	5.7331e+07	38.000000	5.73246e+07	38.000000	5.73634e+07	38.000000	364689    	38.000000	191897    	38.000000	542189    	38.000000	484319    	38.000000	521350    	
41.000000	6.61117e+07	41.000000	6.40287e+07	41.000000	6.57301e+07	41.000000	6.57278e+07	41.000000	6.57693e+07	41.000000	418577    	41.000000	218337    	41.000000	620936    	41.000000	551427    	41.000000	597590    	
44.000000	7.50397e+07	44.000000	7.28721e+07	44.000000	7.46309e+07	44.000000	7.46342e+07	44.000000	7.46772e+07	44.000000	475676    	44.000000	246156    	44.000000	704321    	44.000000	622148    	44.000000	678411    	
47.000000	8.44593e+07	47.000000	8.22234e+07	47.000000	8.40244e+07	47.000000	8.4035e+07	47.000000	8.40787e+07	47.000000	535918    	47.000000	275326    	47.000000	792254    	47.000000	696401    	47.000000	763738    	
50.000000	9.43618e+07	50.000000	9.20735e+07	50.000000	9.39027e+07	50.000000	9.39219e+07	50.000000	9.39652e+07	50.000000	599235    	50.000000	305818    	50.000000	884650    	50.000000	774113    	50.000000	853496    	
55.000000	1.11917e+08	55.000000	1.09576e+08	55.000000	1.11424e+08	55.000000	1.11459e+08	55.000000	1.115e+08 	55.000000	711418    	55.000000	359499    	55.000000	1.04834e+06	55.000000	911132    	55.000000	1.01276e+06	
60.000000	1.30756e+08	60.000000	1.28404e+08	60.000000	1.30235e+08	60.000000	1.3029e+08	60.000000	1.30326e+08	60.000000	831673    	60.000000	416656    	60.000000	1.22383e+06	60.000000	1.05726e+06	60.000000	1.18383e+06	
65.000000	1.50845e+08	65.000000	1.48521e+08	65.000000	1.50305e+08	65.000000	1.50384e+08	65.000000	1.50411e+08	65.000000	959728    	65.000000	477126    	65.000000	1.4108e+06	65.000000	1.21223e+06	65.000000	1.36643e+06	
70.000000	1.72154e+08	70.000000	1.69896e+08	70.000000	1.71602e+08	70.000000	1.71709e+08	70.000000	1.71725e+08	70.000000	1.09532e+06	70.000000	540836    	70.000000	1.60891e+06	70.000000	1.37578e+06	70.000000	1.5603e+06	
75.000000	1.94655e+08	75.000000	1.92497e+08	75.000000	1.941e+08 	75.000000	1.94237e+08	75.000000	1.94241e+08	75.000000	1.23821e+06	75.000000	607661    	75.000000	1.81787e+06	75.000000	1.54767e+06	75.000000	1.76517e+06	
80.000000	2.18321e+08	80.000000	2.16294e+08	80.000000	2.17771e+08	80.000000	2.17942e+08	80.000000	2.1793e+08	80.000000	1.38815e+06	80.000000	677538    	80.000000	2.03738e+06	80.000000	1.72768e+06	80.000000	1.9808e+06	
85.000000	2.43127e+08	85.000000	2.4126e+08	85.000000	2.42589e+08	85.000000	2.42798e+08	85.000000	2.42767e+08	85.000000	1.54492e+06	85.000000	750324    	85.000000	2.26717e+06	85.000000	1.91559e+06	85.000000	2.20697e+06	
90.000000	2.69049e+08	90.000000	2.67368e+08	90.000000	2.6853e+08	90.000000	2.6878e+08	90.000000	2.68728e+08	90.000000	1.7083e+06	90.000000	825949    	90.000000	2.50697e+06	90.000000	2.1112e+06	90.000000	2.44346e+06	
95.000000	2.96065e+08	95.000000	2.94591e+08	95.000000	2.95571e+08	95.000000	2.95864e+08	95.000000	2.95788e+08	95.000000	1.87809e+06	95.000000	904335    	95.000000	2.75651e+06	95.000000	2.31432e+06	95.000000	2.69004e+06	
100.000000	3.24154e+08	100.000000	3.22905e+08	100.000000	3.23688e+08	100.000000	3.24029e+08	100.000000	3.23927e+08	100.000000	2.05407e+06	100.000000	985412    	100.000000	3.01557e+06	100.000000	2.52477e+06	100.000000	2.94651e+06	
105.000000	3.53295e+08	105.000000	3.52288e+08	105.000000	3.52861e+08	105.000000	3.53252e+08	105.000000	3.53121e+08	105.000000	2.23607e+06	105.000000	1.06911e+06	105.000000	3.28389e+06	105.000000	2.74238e+06	105.000000	3.21269e+06	
110.000000	3.8347e+08	110.000000	3.82715e+08	110.000000	3.83068e+08	110.000000	3.83512e+08	110.000000	3.8335e+08	110.000000	2.42388e+06	110.000000	1.15537e+06	110.000000	3.56125e+06	110.000000	2.96698e+06	110.000000	3.48836e+06	
115.000000	4.14659e+08	115.000000	4.14165e+08	115.000000	4.14288e+08	115.000000	4.1479e+08	115.000000	4.14593e+08	115.000000	2.61734e+06	115.000000	1.2441e+06	115.000000	3.84743e+06	115.000000	3.1984e+06	115.000000	3.77336e+06	
120.000000	4.46846e+08	120.000000	4.46618e+08	120.000000	4.46504e+08	120.000000	4.47065e+08	120.000000	4.46832e+08	120.000000	2.81626e+06	120.000000	1.3352e+06	120.000000	4.14221e+06	120.000000	3.4365e+06	120.000000	4.0675e+06	
125.000000	4.80013e+08	125.000000	4.80053e+08	125.000000	4.79694e+08	125.000000	4.8032e+08	125.000000	4.80048e+08	125.000000	3.02049e+06	125.000000	1.42867e+06	125.000000	4.44538e+06	125.000000	3.68113e+06	125.000000	4.3706e+06	
130.000000	5.14144e+08	130.000000	5.1445e+08	130.000000	5.13842e+08	130.000000	5.14535e+08	130.000000	5.14221e+08	130.000000	3.22985e+06	130.000000	1.52441e+06	130.000000	4.75674e+06	130.000000	3.93214e+06	130.000000	4.6825e+06	
135.000000	5.49223e+08	135.000000	5.4979e+08	135.000000	5.48933e+08	135.000000	5.49693e+08	135.000000	5.49335e+08	135.000000	3.44419e+06	135.000000	1.62233e+06	135.000000	5.07609e+06	135.000000	4.18939e+06	135.000000	5.00303e+06	
140.000000	5.85236e+08	140.000000	5.86055e+08	140.000000	5.84946e+08	140.000000	5.85777e+08	140.000000	5.85372e+08	140.000000	3.66335e+06	140.000000	1.7224e+06	140.000000	5.40325e+06	140.000000	4.45276e+06	140.000000	5.33203e+06	
145.000000	6.22167e+08	145.000000	6.23228e+08	145.000000	6.21864e+08	145.000000	6.2277e+08	145.000000	6.22316e+08	145.000000	3.8872e+06	145.000000	1.82457e+06	145.000000	5.73803e+06	145.000000	4.72211e+06	145.000000	5.66935e+06	
150.000000	6.60004e+08	150.000000	6.61291e+08	150.000000	6.59673e+08	150.000000	6.60655e+08	150.000000	6.6015e+08	150.000000	4.11558e+06	150.000000	1.92879e+06	150.000000	6.08025e+06	150.000000	4.99731e+06	150.000000	6.01483e+06	
155.000000	6.98823e+08	155.000000	7.00227e+08	155.000000	6.98356e+08	155.000000	6.99418e+08	155.000000	6.98859e+08	155.000000	4.34836e+06	155.000000	2.03501e+06	155.000000	6.42974e+06	155.000000	5.27826e+06	155.000000	6.36833e+06	
160.000000	7.38478e+08	160.000000	7.40021e+08	160.000000	7.37896e+08	160.000000	7.39043e+08	160.000000	7.38427e+08	160.000000	4.5854e+06	160.000000	2.14319e+06	160.000000	6.78632e+06	160.000000	5.56481e+06	160.000000	6.7297e+06	
165.000000	7.78951e+08	165.000000	7.80656e+08	165.000000	7.7828e+08	165.000000	7.79514e+08	165.000000	7.78839e+08	165.000000	4.82658e+06	165.000000	2.25329e+06	165.000000	7.14984e+06	165.000000	5.85688e+06	165.000000	7.0988e+06	
170.000000	8.20228e+08	170.000000	8.22117e+08	170.000000	8.19494e+08	170.000000	8.20817e+08	170.000000	8.20081e+08	170.000000	5.07177e+06	170.000000	2.36527e+06	170.000000	7.52012e+06	170.000000	6.15434e+06	170.000000	7.4755e+06	
175.000000	8.62295e+08	175.000000	8.6439e+08	175.000000	8.61522e+08	175.000000	8.62938e+08	175.000000	8.62139e+08	175.000000	5.32084e+06	175.000000	2.47908e+06	175.000000	7.89702e+06	175.000000	6.45707e+06	175.000000	7.85964e+06	
180.000000	9.05139e+08	180.000000	9.0746e+08	180.000000	9.0435e+08	180.000000	9.05863e+08	180.000000	9.04998e+08	180.000000	5.57368e+06	180.000000	2.59471e+06	180.000000	8.28038e+06	180.000000	6.76499e+06	180.000000	8.25112e+06	
185.000000	9.48747e+08	185.000000	9.51313e+08	185.000000	9.47968e+08	185.000000	9.49579e+08	185.000000	9.48646e+08	185.000000	5.83017e+06	185.000000	2.7121e+06	185.000000	8.67005e+06	185.000000	7.07799e+06	185.000000	8.64979e+06	
190.000000	9.93107e+08	190.000000	9.95936e+08	190.000000	9.92362e+08	190.000000	9.94072e+08	190.000000	9.93068e+08	190.000000	6.0902e+06	190.000000	2.83115e+06	190.000000	9.06588e+06	190.000000	7.39596e+06	190.000000	9.05554e+06	
195.000000	1.03821e+09	195.000000	1.04131e+09	195.000000	1.03752e+09	195.000000	1.03933e+09	195.000000	1.03825e+09	195.000000	6.35366e+06	195.000000	2.95182e+06	195.000000	9.46775e+06	195.000000	7.71882e+06	195.000000	9.46823e+06	
200.000000	1.08403e+09	200.000000	1.08744e+09	200.000000	1.08342e+09	200.000000	1.08534e+09	200.000000	1.08419e+09	200.000000	6.62045e+06	200.000000	3.07415e+06	200.000000	9.87551e+06	200.000000	8.04645e+06	200.000000	9.88776e+06	
210.000000	1.17782e+09	210.000000	1.18186e+09	210.000000	1.17743e+09	210.000000	1.17956e+09	210.000000	1.17826e+09	210.000000	7.16359e+06	210.000000	3.32359e+06	210.000000	1.07081e+07	210.000000	8.71571e+06	210.000000	1.07468e+07	
220.000000	1.27438e+09	220.000000	1.27911e+09	220.000000	1.27429e+09	220.000000	1.27665e+09	220.000000	1.27518e+09	220.000000	7.71884e+06	220.000000	3.57898e+06	220.000000	1.15628e+07	220.000000	9.40303e+06	220.000000	1.16318e+07	
230.000000	1.37363e+09	230.000000	1.37909e+09	230.000000	1.3739e+09	230.000000	1.37652e+09	230.000000	1.37487e+09	230.000000	8.28546e+06	230.000000	3.84009e+06	230.000000	1.24384e+07	230.000000	1.01077e+07	230.000000	1.25418e+07	
240.000000	1.47549e+09	240.000000	1.48172e+09	240.000000	1.4762e+09	240.000000	1.47906e+09	240.000000	1.47723e+09	240.000000	8.86274e+06	240.000000	4.10683e+06	240.000000	1.33341e+07	240.000000	1.08292e+07	240.000000	1.34761e+07	
250.000000	1.57988e+09	250.000000	1.58691e+09	250.000000	1.5811e+09	250.000000	1.58421e+09	250.000000	1.58219e+09	250.000000	9.45002e+06	250.000000	4.37908e+06	250.000000	1.42489e+07	250.000000	1.15667e+07	250.000000	1.44338e+07	
260.000000	1.68673e+09	260.000000	1.69458e+09	260.000000	1.6885e+09	260.000000	1.69188e+09	260.000000	1.68966e+09	260.000000	1.00467e+07	260.000000	4.65619e+06	260.000000	1.5182e+07	260.000000	1.23198e+07	260.000000	1.5414e+07	
270.000000	1.79597e+09	270.000000	1.80466e+09	270.000000	1.79834e+09	270.000000	1.802e+09 	270.000000	1.79957e+09	270.000000	1.06521e+07	270.000000	4.93819e+06	270.000000	1.61326e+07	270.000000	1.30878e+07	270.000000	1.64162e+07	
280.000000	1.90753e+09	280.000000	1.91707e+09	280.000000	1.91054e+09	280.000000	1.91449e+09	280.000000	1.91184e+09	280.000000	1.12657e+07	280.000000	5.22497e+06	280.000000	1.71e+07  	280.000000	1.38702e+07	280.000000	1.74395e+07	
290.000000	2.02134e+09	290.000000	2.03174e+09	290.000000	2.02502e+09	290.000000	2.02928e+09	290.000000	2.02641e+09	290.000000	1.18871e+07	290.000000	5.51636e+06	290.000000	1.80833e+07	290.000000	1.46665e+07	290.000000	1.84832e+07	
300.000000	2.13735e+09	300.000000	2.14861e+09	300.000000	2.14174e+09	300.000000	2.1463e+09	300.000000	2.1432e+09	300.000000	1.25156e+07	300.000000	5.81214e+06	300.000000	1.90818e+07	300.000000	1.54762e+07	300.000000	1.95468e+07	
310.000000	2.2555e+09	310.000000	2.2676e+09	310.000000	2.26062e+09	310.000000	2.26549e+09	310.000000	2.26215e+09	310.000000	1.31508e+07	310.000000	6.11193e+06	310.000000	2.00949e+07	310.000000	1.62988e+07	310.000000	2.06294e+07	
320.000000	2.37573e+09	320.000000	2.38867e+09	320.000000	2.38159e+09	320.000000	2.38678e+09	320.000000	2.3832e+09	320.000000	1.37922e+07	320.000000	6.41578e+06	320.000000	2.11218e+07	320.000000	1.71338e+07	320.000000	2.17306e+07	
330.000000	2.49797e+09	330.000000	2.51174e+09	330.000000	2.50459e+09	330.000000	2.51011e+09	330.000000	2.50628e+09	330.000000	1.44395e+07	330.000000	6.72361e+06	330.000000	2.21621e+07	330.000000	1.79808e+07	330.000000	2.28497e+07	
340.000000	2.62219e+09	340.000000	2.63677e+09	340.000000	2.62957e+09	340.000000	2.63543e+09	340.000000	2.63134e+09	340.000000	1.50922e+07	340.000000	7.03507e+06	340.000000	2.32151e+07	340.000000	1.88394e+07	340.000000	2.39862e+07	
350.000000	2.74833e+09	350.000000	2.76369e+09	350.000000	2.75648e+09	350.000000	2.76268e+09	350.000000	2.75832e+09	350.000000	1.57499e+07	350.000000	7.34997e+06	350.000000	2.42801e+07	350.000000	1.97092e+07	350.000000	2.51394e+07	
360.000000	2.87634e+09	360.000000	2.89246e+09	360.000000	2.88525e+09	360.000000	2.8918e+09	360.000000	2.88717e+09	360.000000	1.64122e+07	360.000000	7.6683e+06	360.000000	2.53567e+07	360.000000	2.05897e+07	360.000000	2.63088e+07	
370.000000	3.00618e+09	370.000000	3.02302e+09	370.000000	3.01583e+09	370.000000	3.02274e+09	370.000000	3.01784e+09	370.000000	1.70789e+07	370.000000	7.99015e+06	370.000000	2.64444e+07	370.000000	2.14806e+07	370.000000	2.7494e+07	
380.000000	3.13779e+09	380.000000	3.15532e+09	380.000000	3.14818e+09	380.000000	3.15545e+09	380.000000	3.15027e+09	380.000000	1.77496e+07	380.000000	8.31537e+06	380.000000	2.75426e+07	380.000000	2.23815e+07	380.000000	2.86943e+07	
390.000000	3.27113e+09	390.000000	3.28932e+09	390.000000	3.28224e+09	390.000000	3.28989e+09	390.000000	3.28441e+09	390.000000	1.8424e+07	390.000000	8.64369e+06	390.000000	2.86509e+07	390.000000	2.32921e+07	390.000000	2.99095e+07	
400.000000	3.40616e+09	400.000000	3.42497e+09	400.000000	3.41798e+09	400.000000	3.426e+09 	400.000000	3.42023e+09	400.000000	1.91017e+07	400.000000	8.97499e+06	400.000000	2.97687e+07	400.000000	2.42121e+07	400.000000	3.11388e+07	
410.000000	3.54285e+09	410.000000	3.56223e+09	410.000000	3.55533e+09	410.000000	3.56375e+09	410.000000	3.55767e+09	410.000000	1.97826e+07	410.000000	9.3092e+06	410.000000	3.08957e+07	410.000000	2.5141e+07	410.000000	3.2382e+07	
420.000000	3.68114e+09	420.000000	3.70106e+09	420.000000	3.69426e+09	420.000000	3.70308e+09	420.000000	3.69669e+09	420.000000	2.04663e+07	420.000000	9.64611e+06	420.000000	3.20315e+07	420.000000	2.60787e+07	420.000000	3.36385e+07	
430.000000	3.821e+09 	430.000000	3.84141e+09	430.000000	3.83473e+09	430.000000	3.84395e+09	430.000000	3.83725e+09	430.000000	2.11526e+07	430.000000	9.98551e+06	430.000000	3.31755e+07	430.000000	2.70247e+07	430.000000	3.4908e+07	
440.000000	3.96239e+09	440.000000	3.98324e+09	440.000000	3.9767e+09	440.000000	3.98632e+09	440.000000	3.9793e+09	440.000000	2.18413e+07	440.000000	1.03274e+07	440.000000	3.43275e+07	440.000000	2.79789e+07	440.000000	3.619e+07 	
450.000000	4.10528e+09	450.000000	4.12653e+09	450.000000	4.12013e+09	450.000000	4.13016e+09	450.000000	4.12282e+09	450.000000	2.25321e+07	450.000000	1.06718e+07	450.000000	3.5487e+07	450.000000	2.89408e+07	450.000000	3.74841e+07	
460.000000	4.24962e+09	460.000000	4.27122e+09	460.000000	4.26497e+09	460.000000	4.27542e+09	460.000000	4.26775e+09	460.000000	2.32247e+07	460.000000	1.10188e+07	460.000000	3.66537e+07	460.000000	2.99103e+07	460.000000	3.87899e+07	
470.000000	4.39539e+09	470.000000	4.41728e+09	470.000000	4.41119e+09	470.000000	4.42206e+09	470.000000	4.41405e+09	470.000000	2.3919e+07	470.000000	1.13683e+07	470.000000	3.78272e+07	470.000000	3.0887e+07	470.000000	4.01071e+07	
480.000000	4.54256e+09	480.000000	4.56468e+09	480.000000	4.55875e+09	480.000000	4.57005e+09	480.000000	4.56171e+09	480.000000	2.46148e+07	480.000000	1.17201e+07	480.000000	3.90072e+07	480.000000	3.18707e+07	480.000000	4.14352e+07	
490.000000	4.69108e+09	490.000000	4.71339e+09	490.000000	4.70762e+09	490.000000	4.71936e+09	490.000000	4.71067e+09	490.000000	2.53119e+07	490.000000	1.2074e+07	490.000000	4.01934e+07	490.000000	3.28611e+07	490.000000	4.2774e+07	
500.000000	4.84093e+09	500.000000	4.86337e+09	500.000000	4.85776e+09	500.000000	4.86995e+09	500.000000	4.86091e+09	500.000000	2.60101e+07	500.000000	1.24299e+07	500.000000	4.13854e+07	500.000000	3.38581e+07	500.000000	4.4123e+07	
520.000000	5.14449e+09	520.000000	5.16702e+09	520.000000	5.16175e+09	520.000000	5.17483e+09	520.000000	5.16507e+09	520.000000	2.74092e+07	520.000000	1.3148e+07	520.000000	4.37857e+07	520.000000	3.58707e+07	520.000000	4.68506e+07	
540.000000	5.45301e+09	540.000000	5.47539e+09	540.000000	5.47046e+09	540.000000	5.48444e+09	540.000000	5.47396e+09	540.000000	2.88108e+07	540.000000	1.38742e+07	540.000000	4.62061e+07	540.000000	3.79065e+07	540.000000	4.96155e+07	
560.000000	5.76625e+09	560.000000	5.78827e+09	560.000000	5.78364e+09	560.000000	5.79855e+09	560.000000	5.78732e+09	560.000000	3.02138e+07	560.000000	1.46074e+07	560.000000	4.86443e+07	560.000000	3.99641e+07	560.000000	5.24153e+07	
580.000000	6.08401e+09	580.000000	6.10542e+09	580.000000	6.10107e+09	580.000000	6.11693e+09	580.000000	6.10494e+09	580.000000	3.16171e+07	580.000000	1.53478e+07	580.000000	5.10985e+07	580.000000	4.20417e+07	580.000000	5.52476e+07	
600.000000	6.40609e+09	600.000000	6.42666e+09	600.000000	6.42255e+09	600.000000	6.43938e+09	600.000000	6.42661e+09	600.000000	3.30198e+07	600.000000	1.60952e+07	600.000000	5.35669e+07	600.000000	4.4138e+07	600.000000	5.81105e+07	
620.000000	6.73229e+09	620.000000	6.7518e+09	620.000000	6.74786e+09	620.000000	6.76569e+09	620.000000	6.75213e+09	620.000000	3.44211e+07	620.000000	1.68487e+07	620.000000	5.60477e+07	620.000000	4.62515e+07	620.000000	6.10018e+07	
640.000000	7.06244e+09	640.000000	7.08064e+09	640.000000	7.07683e+09	640.000000	7.09568e+09	640.000000	7.08131e+09	640.000000	3.58202e+07	640.000000	1.76079e+07	640.000000	5.85395e+07	640.000000	4.8381e+07	640.000000	6.39197e+07	
660.000000	7.39636e+09	660.000000	7.41303e+09	660.000000	7.40929e+09	660.000000	7.42916e+09	660.000000	7.41397e+09	660.000000	3.72165e+07	660.000000	1.83725e+07	660.000000	6.10408e+07	660.000000	5.05253e+07	660.000000	6.68625e+07	
680.000000	7.73388e+09	680.000000	7.7488e+09	680.000000	7.74508e+09	680.000000	7.76598e+09	680.000000	7.74995e+09	680.000000	3.86092e+07	680.000000	1.91424e+07	680.000000	6.35503e+07	680.000000	5.26832e+07	680.000000	6.98283e+07	
700.000000	8.07485e+09	700.000000	8.08779e+09	700.000000	8.08404e+09	700.000000	8.10597e+09	700.000000	8.0891e+09	700.000000	3.99979e+07	700.000000	1.99172e+07	700.000000	6.60668e+07	700.000000	5.48536e+07	700.000000	7.28158e+07	
720.000000	8.41912e+09	720.000000	8.42987e+09	720.000000	8.426e+09 	720.000000	8.44898e+09	720.000000	8.43126e+09	720.000000	4.13821e+07	720.000000	2.06969e+07	720.000000	6.85891e+07	720.000000	5.70355e+07	720.000000	7.58232e+07	
740.000000	8.76654e+09	740.000000	8.7749e+09	740.000000	8.77081e+09	740.000000	8.79487e+09	740.000000	8.77628e+09	740.000000	4.27614e+07	740.000000	2.14812e+07	740.000000	7.11163e+07	740.000000	5.92279e+07	740.000000	7.88494e+07	
760.000000	9.11697e+09	760.000000	9.12275e+09	760.000000	9.11836e+09	760.000000	9.14352e+09	760.000000	9.12405e+09	760.000000	4.41352e+07	760.000000	2.22694e+07	760.000000	7.36472e+07	760.000000	6.14301e+07	760.000000	8.18928e+07	
780.000000	9.47029e+09	780.000000	9.47328e+09	780.000000	9.46853e+09	780.000000	9.49478e+09	780.000000	9.47442e+09	780.000000	4.55034e+07	780.000000	2.30614e+07	780.000000	7.61809e+07	780.000000	6.36411e+07	780.000000	8.49522e+07	
800.000000	9.82637e+09	800.000000	9.82639e+09	800.000000	9.82119e+09	800.000000	9.84854e+09	800.000000	9.82729e+09	800.000000	4.68655e+07	800.000000	2.38569e+07	800.000000	7.87167e+07	800.000000	6.58601e+07	800.000000	8.80265e+07	
820.000000	1.01851e+10	820.000000	1.0182e+10	820.000000	1.01762e+10	820.000000	1.02047e+10	820.000000	1.01825e+10	820.000000	4.82212e+07	820.000000	2.46563e+07	820.000000	8.12538e+07	820.000000	6.80864e+07	820.000000	9.11145e+07	
840.000000	1.05463e+10	840.000000	1.05399e+10	840.000000	1.05336e+10	840.000000	1.05631e+10	840.000000	1.054e+10 	840.000000	4.95704e+07	840.000000	2.54595e+07	840.000000	8.37914e+07	840.000000	7.03192e+07	840.000000	9.42151e+07	
860.000000	1.091e+10 	860.000000	1.09e+10  	860.000000	1.0893e+10	860.000000	1.09237e+10	860.000000	1.08997e+10	860.000000	5.09129e+07	860.000000	2.62664e+07	860.000000	8.63288e+07	860.000000	7.25579e+07	860.000000	9.73274e+07	
880.000000	1.12759e+10	880.000000	1.12624e+10	880.000000	1.12546e+10	880.000000	1.12864e+10	880.000000	1.12614e+10	880.000000	5.22483e+07	880.000000	2.70768e+07	880.000000	8.88653e+07	880.000000	7.48019e+07	880.000000	1.0045e+08	
900.000000	1.16441e+10	900.000000	1.16267e+10	900.000000	1.1618e+10	900.000000	1.1651e+10	900.000000	1.16252e+10	900.000000	5.35766e+07	900.000000	2.78904e+07	900.000000	9.14005e+07	900.000000	7.70506e+07	900.000000	1.03583e+08	
920.000000	1.20143e+10	920.000000	1.19931e+10	920.000000	1.19834e+10	920.000000	1.20176e+10	920.000000	1.19908e+10	920.000000	5.48976e+07	920.000000	2.8707e+07	920.000000	9.39338e+07	920.000000	7.93033e+07	920.000000	1.06724e+08	
940.000000	1.23866e+10	940.000000	1.23613e+10	940.000000	1.23506e+10	940.000000	1.23859e+10	940.000000	1.23581e+10	940.000000	5.62111e+07	940.000000	2.95264e+07	940.000000	9.64646e+07	940.000000	8.15597e+07	940.000000	1.09874e+08	
960.000000	1.27608e+10	960.000000	1.27314e+10	960.000000	1.27195e+10	960.000000	1.2756e+10	960.000000	1.27273e+10	960.000000	5.75172e+07	960.000000	3.03482e+07	960.000000	9.89925e+07	960.000000	8.3819e+07	960.000000	1.13031e+08	
980.000000	1.31368e+10	980.000000	1.31031e+10	980.000000	1.30901e+10	980.000000	1.31277e+10	980.000000	1.3098e+10	980.000000	5.88156e+07	980.000000	3.11726e+07	980.000000	1.01517e+08	980.000000	8.6081e+07	980.000000	1.16194e+08	
1000.000000	1.35146e+10	1000.000000	1.34765e+10	1000.000000	1.34622e+10	1000.000000	1.3501e+10	1000.000000	1.34704e+10	1000.000000	6.01063e+07	1000.000000	3.19993e+07	1000.000000	1.04038e+08	1000.000000	8.83451e+07	1000.000000	1.19364e+08	
1020.000000	1.3894e+10	1020.000000	1.38515e+10	1020.000000	1.38358e+10	1020.000000	1.38758e+10	1020.000000	1.38442e+10	1020.000000	6.13893e+07	1020.000000	3.28284e+07	1020.000000	1.06555e+08	1020.000000	9.06109e+07	1020.000000	1.22538e+08	
1040.000000	1.4275e+10	1040.000000	1.4228e+10	1040.000000	1.42109e+10	1040.000000	1.42521e+10	1040.000000	1.42194e+10	1040.000000	6.26645e+07	1040.000000	3.36601e+07	1040.000000	1.09067e+08	1040.000000	9.28781e+07	1040.000000	1.25717e+08	
1060.000000	1.46576e+10	1060.000000	1.46059e+10	1060.000000	1.45873e+10	1060.000000	1.46297e+10	1060.000000	1.45961e+10	1060.000000	6.39318e+07	1060.000000	3.44943e+07	1060.000000	1.11574e+08	1060.000000	9.51461e+07	1060.000000	1.289e+08 	
1080.000000	1.50416e+10	1080.000000	1.49852e+10	1080.000000	1.49651e+10	1080.000000	1.50086e+10	1080.000000	1.4974e+10	1080.000000	6.51912e+07	1080.000000	3.5331e+07	1080.000000	1.14076e+08	1080.000000	9.74147e+07	1080.000000	1.32086e+08	
1100.000000	1.54269e+10	1100.000000	1.53658e+10	1100.000000	1.53441e+10	1100.000000	1.53888e+10	1100.000000	1.53532e+10	1100.000000	6.64428e+07	1100.000000	3.61703e+07	1100.000000	1.16573e+08	1100.000000	9.96836e+07	1100.000000	1.35276e+08	
1120.000000	1.58136e+10	1120.000000	1.57477e+10	1120.000000	1.57242e+10	1120.000000	1.57702e+10	1120.000000	1.57336e+10	1120.000000	6.76865e+07	1120.000000	3.70119e+07	1120.000000	1.19064e+08	1120.000000	1.01952e+08	1120.000000	1.38467e+08	
1140.000000	1.62015e+10	1140.000000	1.61308e+10	1140.000000	1.61056e+10	1140.000000	1.61528e+10	1140.000000	1.61152e+10	1140.000000	6.89222e+07	1140.000000	3.78557e+07	1140.000000	1.2155e+08	1140.000000	1.04221e+08	1140.000000	1.41661e+08	
1160.000000	1.65905e+10	1160.000000	1.6515e+10	1160.000000	1.6488e+10	1160.000000	1.65364e+10	1160.000000	1.64978e+10	1160.000000	7.01501e+07	1160.000000	3.87014e+07	1160.000000	1.24029e+08	1160.000000	1.06488e+08	1160.000000	1.44856e+08	
1180.000000	1.69807e+10	1180.000000	1.69004e+10	1180.000000	1.68715e+10	1180.000000	1.69211e+10	1180.000000	1.68815e+10	1180.000000	7.13701e+07	1180.000000	3.95491e+07	1180.000000	1.26502e+08	1180.000000	1.08755e+08	1180.000000	1.48052e+08	
1200.000000	1.7372e+10	1200.000000	1.72868e+10	1200.000000	1.72559e+10	1200.000000	1.73068e+10	1200.000000	1.72662e+10	1200.000000	7.25823e+07	1200.000000	4.03986e+07	1200.000000	1.28969e+08	1200.000000	1.11021e+08	1200.000000	1.51248e+08	
1220.000000	1.77642e+10	1220.000000	1.76741e+10	1220.000000	1.76414e+10	1220.000000	1.76935e+10	1220.000000	1.76518e+10	1220.000000	7.37866e+07	1220.000000	4.12499e+07	1220.000000	1.31429e+08	1220.000000	1.13285e+08	1220.000000	1.54445e+08	
1240.000000	1.81574e+10	1240.000000	1.80625e+10	1240.000000	1.80277e+10	1240.000000	1.8081e+10	1240.000000	1.80384e+10	1240.000000	7.49832e+07	1240.000000	4.21029e+07	1240.000000	1.33882e+08	1240.000000	1.15547e+08	1240.000000	1.57641e+08	
1260.000000	1.85515e+10	1260.000000	1.84517e+10	1260.000000	1.84149e+10	1260.000000	1.84695e+10	1260.000000	1.84258e+10	1260.000000	7.61719e+07	1260.000000	4.29578e+07	1260.000000	1.36328e+08	1260.000000	1.17807e+08	1260.000000	1.60837e+08	
1280.000000	1.89464e+10	1280.000000	1.88418e+10	1280.000000	1.8803e+10	1280.000000	1.88588e+10	1280.000000	1.88141e+10	1280.000000	7.7353e+07	1280.000000	4.38143e+07	1280.000000	1.38767e+08	1280.000000	1.20066e+08	1280.000000	1.64032e+08	
1300.000000	1.93421e+10	1300.000000	1.92327e+10	1300.000000	1.91918e+10	1300.000000	1.92489e+10	1300.000000	1.92031e+10	1300.000000	7.85263e+07	1300.000000	4.46726e+07	1300.000000	1.41199e+08	1300.000000	1.22322e+08	1300.000000	1.67226e+08	
1320.000000	1.97386e+10	1320.000000	1.96244e+10	1320.000000	1.95814e+10	1320.000000	1.96397e+10	1320.000000	1.95929e+10	1320.000000	7.96921e+07	1320.000000	4.55326e+07	1320.000000	1.43623e+08	1320.000000	1.24575e+08	1320.000000	1.70418e+08	
1340.000000	2.01358e+10	1340.000000	2.00169e+10	1340.000000	1.99717e+10	1340.000000	2.00313e+10	1340.000000	1.99835e+10	1340.000000	8.08502e+07	1340.000000	4.63942e+07	1340.000000	1.4604e+08	1340.000000	1.26826e+08	1340.000000	1.73608e+08	
1360.000000	2.05336e+10	1360.000000	2.04101e+10	1360.000000	2.03627e+10	1360.000000	2.04236e+10	1360.000000	2.03747e+10	1360.000000	8.20008e+07	1360.000000	4.72574e+07	1360.000000	1.4845e+08	1360.000000	1.29074e+08	1360.000000	1.76797e+08	
1380.000000	2.0932e+10	1380.000000	2.08039e+10	1380.000000	2.07544e+10	1380.000000	2.08165e+10	1380.000000	2.07666e+10	1380.000000	8.31439e+07	1380.000000	4.81222e+07	1380.000000	1.50852e+08	1380.000000	1.31319e+08	1380.000000	1.79983e+08	
1400.000000	2.13311e+10	1400.000000	2.11984e+10	1400.000000	2.11467e+10	1400.000000	2.12101e+10	1400.000000	2.11592e+10	1400.000000	8.42796e+07	1400.000000	4.89886e+07	1400.000000	1.53246e+08	1400.000000	1.33561e+08	1400.000000	1.83166e+08	
1420.000000	2.17306e+10	1420.000000	2.15935e+10	1420.000000	2.15396e+10	1420.000000	2.16043e+10	1420.000000	2.15523e+10	1420.000000	8.54079e+07	1420.000000	4.98564e+07	1420.000000	1.55633e+08	1420.000000	1.35799e+08	1420.000000	1.86346e+08	
1440.000000	2.21306e+10	1440.000000	2.19891e+10	1440.000000	2.19331e+10	1440.000000	2.19991e+10	1440.000000	2.19461e+10	1440.000000	8.65289e+07	1440.000000	5.07258e+07	1440.000000	1.58012e+08	1440.000000	1.38035e+08	1440.000000	1.89524e+08	
1460.000000	2.25311e+10	1460.000000	2.23853e+10	1460.000000	2.23272e+10	1460.000000	2.23944e+10	1460.000000	2.23403e+10	1460.000000	8.76427e+07	1460.000000	5.15967e+07	1460.000000	1.60383e+08	1460.000000	1.40266e+08	1460.000000	1.92698e+08	
1480.000000	2.2932e+10	1480.000000	2.2782e+10	1480.000000	2.27218e+10	1480.000000	2.27903e+10	1480.000000	2.27351e+10	1480.000000	8.87492e+07	1480.000000	5.24692e+07	1480.000000	1.62746e+08	1480.000000	1.42494e+08	1480.000000	1.95869e+08	
1500.000000	2.33333e+10	1500.000000	2.31792e+10	1500.000000	2.31169e+10	1500.000000	2.31866e+10	1500.000000	2.31304e+10	1500.000000	8.98487e+07	1500.000000	5.33431e+07	1500.000000	1.65102e+08	1500.000000	1.44718e+08	1500.000000	1.99036e+08	
1520.000000	2.3735e+10	1520.000000	2.35768e+10	1520.000000	2.35124e+10	1520.000000	2.35834e+10	1520.000000	2.35262e+10	1520.000000	9.0941e+07	1520.000000	5.42185e+07	1520.000000	1.67449e+08	1520.000000	1.46939e+08	1520.000000	2.02199e+08	
1540.000000	2.4137e+10	1540.000000	2.39749e+10	1540.000000	2.39084e+10	1540.000000	2.39807e+10	1540.000000	2.39224e+10	1540.000000	9.20264e+07	1540.000000	5.50953e+07	1540.000000	1.69789e+08	1540.000000	1.49155e+08	1540.000000	2.05358e+08	
1560.000000	2.45392e+10	1560.000000	2.43734e+10	1560.000000	2.43049e+10	1560.000000	2.43784e+10	1560.000000	2.43191e+10	1560.000000	9.31048e+07	1560.000000	5.59734e+07	1560.000000	1.7212e+08	1560.000000	1.51368e+08	1560.000000	2.08514e+08	
1580.000000	2.49417e+10	1580.000000	2.47722e+10	1580.000000	2.47018e+10	1580.000000	2.47765e+10	1580.000000	2.47162e+10	1580.000000	9.41763e+07	1580.000000	5.6853e+07	1580.000000	1.74443e+08	1580.000000	1.53576e+08	1580.000000	2.11664e+08	
1600.000000	2.53444e+10	1600.000000	2.51714e+10	1600.000000	2.5099e+10	1600.000000	2.51751e+10	1600.000000	2.51136e+10	1600.000000	9.5241e+07	1600.000000	5.77338e+07	1600.000000	1.76759e+08	1600.000000	1.5578e+08	1600.000000	2.14811e+08	
1620.000000	2.57473e+10	1620.000000	2.5571e+10	1620.000000	2.54966e+10	1620.000000	2.55739e+10	1620.000000	2.55114e+10	1620.000000	9.6299e+07	1620.000000	5.86159e+07	1620.000000	1.79066e+08	1620.000000	1.57979e+08	1620.000000	2.17952e+08	
1640.000000	2.61504e+10	1640.000000	2.59708e+10	1640.000000	2.58946e+10	1640.000000	2.59732e+10	1640.000000	2.59096e+10	1640.000000	9.73503e+07	1640.000000	5.94991e+07	1640.000000	1.81366e+08	1640.000000	1.60175e+08	1640.000000	2.21089e+08	
1660.000000	2.65537e+10	1660.000000	2.63709e+10	1660.000000	2.62929e+10	1660.000000	2.63728e+10	1660.000000	2.63081e+10	1660.000000	9.8395e+07	1660.000000	6.03835e+07	1660.000000	1.83657e+08	1660.000000	1.62366e+08	1660.000000	2.24221e+08	
1680.000000	2.6957e+10	1680.000000	2.67713e+10	1680.000000	2.66915e+10	1680.000000	2.67726e+10	1680.000000	2.6707e+10	1680.000000	9.94332e+07	1680.000000	6.1269e+07	1680.000000	1.8594e+08	1680.000000	1.64552e+08	1680.000000	2.27348e+08	
1700.000000	2.73604e+10	1700.000000	2.71719e+10	1700.000000	2.70905e+10	1700.000000	2.71728e+10	1700.000000	2.71061e+10	1700.000000	1.00465e+08	1700.000000	6.21557e+07	1700.000000	1.88215e+08	1700.000000	1.66734e+08	1700.000000	2.3047e+08	
1750.000000	2.83692e+10	1750.000000	2.81744e+10	1750.000000	2.80889e+10	1750.000000	2.81745e+10	1750.000000	2.81051e+10	1750.000000	1.03016e+08	1750.000000	6.4377e+07	1750.000000	1.93869e+08	1750.000000	1.72168e+08	1750.000000	2.38252e+08	
1800.000000	2.93779e+10	1800.000000	2.9178e+10	1800.000000	2.90889e+10	1800.000000	2.91778e+10	1800.000000	2.91057e+10	1800.000000	1.05528e+08	1800.000000	6.66053e+07	1800.000000	1.99472e+08	1800.000000	1.77573e+08	1800.000000	2.46e+08  	
1850.000000	3.03864e+10	1850.000000	3.01823e+10	1850.000000	3.00903e+10	1850.000000	3.01823e+10	1850.000000	3.01076e+10	1850.000000	1.08002e+08	1850.000000	6.88406e+07	1850.000000	2.05025e+08	1850.000000	1.82947e+08	1850.000000	2.53713e+08	
1900.000000	3.13942e+10	1900.000000	3.11873e+10	1900.000000	3.10927e+10	1900.000000	3.1188e+10	1900.000000	3.11107e+10	1900.000000	1.10439e+08	1900.000000	7.10833e+07	1900.000000	2.10529e+08	1900.000000	1.88291e+08	1900.000000	2.6139e+08	
1950.000000	3.2401e+10	1950.000000	3.21925e+10	1950.000000	3.20962e+10	1950.000000	3.21946e+10	1950.000000	3.21146e+10	1950.000000	1.1284e+08	1950.000000	7.33334e+07	1950.000000	2.15984e+08	1950.000000	1.93604e+08	1950.000000	2.69029e+08	
2000.000000	3.34067e+10	2000.000000	3.31979e+10	2000.000000	3.31004e+10	2000.000000	3.32021e+10	2000.000000	3.31194e+10	2000.000000	1.15206e+08	2000.000000	7.55909e+07	2000.000000	2.21391e+08	2000.000000	1.98885e+08	2000.000000	2.7663e+08	
2100.000000	3.54134e+10	2100.000000	3.52081e+10	2100.000000	3.51106e+10	2100.000000	3.52187e+10	2100.000000	3.51307e+10	2100.000000	1.19836e+08	2100.000000	8.01277e+07	2100.000000	2.32061e+08	2100.000000	2.09351e+08	2100.000000	2.91715e+08	
2200.000000	3.74124e+10	2200.000000	3.72165e+10	2200.000000	3.71224e+10	2200.000000	3.72368e+10	2200.000000	3.71436e+10	2200.000000	1.24336e+08	2200.000000	8.4693e+07	2200.000000	2.42544e+08	2200.000000	2.1969e+08	2200.000000	3.06641e+08	
2300.000000	3.94022e+10	2300.000000	3.92218e+10	2300.000000	3.91349e+10	2300.000000	3.92556e+10	2300.000000	3.9157e+10	2300.000000	1.28713e+08	2300.000000	8.92854e+07	2300.000000	2.52844e+08	2300.000000	2.29899e+08	2300.000000	3.21406e+08	
2400.000000	4.13815e+10	2400.000000	4.12229e+10	2400.000000	4.11473e+10	2400.000000	4.12742e+10	2400.000000	4.11704e+10	2400.000000	1.32974e+08	2400.000000	9.39036e+07	2400.000000	2.62966e+08	2400.000000	2.3998e+08	2400.000000	3.36008e+08	
2500.000000	4.33492e+10	2500.000000	4.3219e+10	2500.000000	4.31589e+10	2500.000000	4.32921e+10	2500.000000	4.3183e+10	2500.000000	1.37124e+08	2500.000000	9.85466e+07	2500.000000	2.72916e+08	2500.000000	2.49934e+08	2500.000000	3.50446e+08	
2600.000000	4.53042e+10	2600.000000	4.52092e+10	2600.000000	4.51693e+10	2600.000000	4.53087e+10	2600.000000	4.51944e+10	2600.000000	1.4117e+08	2600.000000	1.03213e+08	2600.000000	2.82699e+08	2600.000000	2.59761e+08	2600.000000	3.64721e+08	
2700.000000	4.72457e+10	2700.000000	4.71928e+10	2700.000000	4.71779e+10	2700.000000	4.73236e+10	2700.000000	4.7204e+10	2700.000000	1.45115e+08	2700.000000	1.07903e+08	2700.000000	2.9232e+08	2700.000000	2.69464e+08	2700.000000	3.78834e+08	
2800.000000	4.91731e+10	2800.000000	4.91692e+10	2800.000000	4.91844e+10	2800.000000	4.93364e+10	2800.000000	4.92116e+10	2800.000000	1.48966e+08	2800.000000	1.12616e+08	2800.000000	3.01783e+08	2800.000000	2.79043e+08	2800.000000	3.92787e+08	
2900.000000	5.10857e+10	2900.000000	5.11379e+10	2900.000000	5.11886e+10	2900.000000	5.13468e+10	2900.000000	5.12168e+10	2900.000000	1.52727e+08	2900.000000	1.17352e+08	2900.000000	3.11095e+08	2900.000000	2.88502e+08	2900.000000	4.0658e+08	
3000.000000	5.2983e+10	3000.000000	5.30984e+10	3000.000000	5.319e+10 	3000.000000	5.33545e+10	3000.000000	5.32194e+10	3000.000000	1.56402e+08	3000.000000	1.2211e+08	3000.000000	3.20259e+08	3000.000000	2.97842e+08	3000.000000	4.20216e+08	
3200.000000	5.67302e+10	3200.000000	5.69935e+10	3200.000000	5.71842e+10	3200.000000	5.73611e+10	3200.000000	5.72157e+10	3200.000000	1.63511e+08	3200.000000	1.31694e+08	3200.000000	3.38166e+08	3200.000000	3.16175e+08	3200.000000	4.47027e+08	
3400.000000	6.04123e+10	3400.000000	6.0852e+10	3400.000000	6.11656e+10	3400.000000	6.13547e+10	3400.000000	6.11991e+10	3400.000000	1.70322e+08	3400.000000	1.41368e+08	3400.000000	3.55537e+08	3400.000000	3.3406e+08	3400.000000	4.73238e+08	
3600.000000	6.40277e+10	3600.000000	6.46721e+10	3600.000000	6.51332e+10	3600.000000	6.53344e+10	3600.000000	6.51688e+10	3600.000000	1.76861e+08	3600.000000	1.5113e+08	3600.000000	3.72408e+08	3600.000000	3.51516e+08	3600.000000	4.98872e+08	
3800.000000	6.75756e+10	3800.000000	6.84525e+10	3800.000000	6.90865e+10	3800.000000	6.92997e+10	3800.000000	6.91241e+10	3800.000000	1.83151e+08	3800.000000	1.60979e+08	3800.000000	3.88809e+08	3800.000000	3.68562e+08	3800.000000	5.23951e+08	
4000.000000	7.10556e+10	4000.000000	7.21925e+10	4000.000000	7.30251e+10	4000.000000	7.32501e+10	4000.000000	7.30646e+10	4000.000000	1.89211e+08	4000.000000	1.70913e+08	4000.000000	4.04767e+08	4000.000000	3.85217e+08	4000.000000	5.48497e+08	
4200.000000	7.44679e+10	4200.000000	7.58914e+10	4200.000000	7.69488e+10	4200.000000	7.71855e+10	4200.000000	7.69902e+10	4200.000000	1.95061e+08	4200.000000	1.80931e+08	4200.000000	4.2031e+08	4200.000000	4.01497e+08	4200.000000	5.72531e+08	
4400.000000	7.78129e+10	4400.000000	7.9549e+10	4400.000000	8.08575e+10	4400.000000	8.11057e+10	4400.000000	8.09007e+10	4400.000000	2.00715e+08	4400.000000	1.91033e+08	4400.000000	4.35461e+08	4400.000000	4.1742e+08	4400.000000	5.96074e+08	
4600.000000	8.10915e+10	4600.000000	8.31652e+10	4600.000000	8.47511e+10	4600.000000	8.50108e+10	4600.000000	8.47962e+10	4600.000000	2.06189e+08	4600.000000	2.01216e+08	4600.000000	4.50243e+08	4600.000000	4.33002e+08	4600.000000	6.19146e+08	
4800.000000	8.43045e+10	4800.000000	8.67403e+10	4800.000000	8.86299e+10	4800.000000	8.89009e+10	4800.000000	8.86768e+10	4800.000000	2.11493e+08	4800.000000	2.11481e+08	4800.000000	4.64675e+08	4800.000000	4.48257e+08	4800.000000	6.41768e+08	
5000.000000	8.74531e+10	5000.000000	9.02743e+10	5000.000000	9.2494e+10	5000.000000	9.27762e+10	5000.000000	9.25427e+10	5000.000000	2.16642e+08	5000.000000	2.21827e+08	5000.000000	4.78776e+08	5000.000000	4.63201e+08	5000.000000	6.63958e+08	
5250.000000	9.13e+10  	5250.000000	9.46348e+10	5250.000000	9.73037e+10	5250.000000	9.75998e+10	5250.000000	9.73546e+10	5250.000000	2.22872e+08	5250.000000	2.3487e+08	5250.000000	4.95965e+08	5250.000000	4.81462e+08	5250.000000	6.91114e+08	
5500.000000	9.50505e+10	5500.000000	9.89326e+10	5500.000000	1.02091e+11	5500.000000	1.02401e+11	5500.000000	1.02144e+11	5500.000000	2.28891e+08	5500.000000	2.48036e+08	5500.000000	5.12695e+08	5500.000000	4.99282e+08	5500.000000	7.17655e+08	
6000.000000	1.02273e+11	6000.000000	1.07344e+11	6000.000000	1.11601e+11	6000.000000	1.11938e+11	6000.000000	1.11659e+11	6000.000000	2.40358e+08	6000.000000	2.7473e+08	6000.000000	5.44892e+08	6000.000000	5.33689e+08	6000.000000	7.6901e+08	
6500.000000	1.09142e+11	6500.000000	1.15518e+11	6500.000000	1.21029e+11	6500.000000	1.21392e+11	6500.000000	1.21091e+11	6500.000000	2.51152e+08	6500.000000	3.01894e+08	6500.000000	5.75562e+08	6500.000000	5.66586e+08	6500.000000	8.18246e+08	
7000.000000	1.1568e+11	7000.000000	1.23464e+11	7000.000000	1.30378e+11	7000.000000	1.30768e+11	7000.000000	1.30444e+11	7000.000000	2.6136e+08	7000.000000	3.29515e+08	7000.000000	6.04871e+08	7000.000000	5.98117e+08	7000.000000	8.65554e+08	
7500.000000	1.21906e+11	7500.000000	1.31192e+11	7500.000000	1.39653e+11	7500.000000	1.40068e+11	7500.000000	1.39723e+11	7500.000000	2.71052e+08	7500.000000	3.57587e+08	7500.000000	6.32958e+08	7500.000000	6.28406e+08	7500.000000	9.11104e+08	
8000.000000	1.27842e+11	8000.000000	1.38712e+11	8000.000000	1.48858e+11	8000.000000	1.49298e+11	8000.000000	1.48933e+11	8000.000000	2.80288e+08	8000.000000	3.86098e+08	8000.000000	6.59942e+08	8000.000000	6.57562e+08	8000.000000	9.55043e+08	
8500.000000	1.33506e+11	8500.000000	1.46033e+11	8500.000000	1.57996e+11	8500.000000	1.58461e+11	8500.000000	1.58075e+11	8500.000000	2.89117e+08	8500.000000	4.1503e+08	8500.000000	6.85923e+08	8500.000000	6.85678e+08	8500.000000	9.97502e+08	
9000.000000	1.38916e+11	9000.000000	1.53166e+11	9000.000000	1.67072e+11	9000.000000	1.67561e+11	9000.000000	1.67155e+11	9000.000000	2.9758e+08	9000.000000	4.44369e+08	9000.000000	7.10989e+08	9000.000000	7.12838e+08	9000.000000	1.03859e+09	
9500.000000	1.44086e+11	9500.000000	1.60118e+11	9500.000000	1.76089e+11	9500.000000	1.76601e+11	9500.000000	1.76175e+11	9500.000000	3.05712e+08	9500.000000	4.74109e+08	9500.000000	7.35218e+08	9500.000000	7.39116e+08	9500.000000	1.07842e+09	
10000.000000	1.49034e+11	10000.000000	1.66898e+11	10000.000000	1.85049e+11	10000.000000	1.85584e+11	10000.000000	1.85138e+11	10000.000000	3.13543e+08	10000.000000	5.0425e+08	10000.000000	7.58674e+08	10000.000000	7.64577e+08	10000.000000	1.11708e+09	
11000.000000	1.58314e+11	11000.000000	1.79975e+11	11000.000000	2.0281e+11	11000.000000	2.0339e+11	11000.000000	2.02906e+11	11000.000000	3.28405e+08	11000.000000	5.65682e+08	11000.000000	8.03502e+08	11000.000000	8.13273e+08	11000.000000	1.19119e+09	
12000.000000	1.66855e+11	12000.000000	1.92453e+11	12000.000000	2.20375e+11	12000.000000	2.20998e+11	12000.000000	2.20478e+11	12000.000000	3.42339e+08	12000.000000	6.28504e+08	12000.000000	8.45866e+08	12000.000000	8.59322e+08	12000.000000	1.26148e+09	
13000.000000	1.74741e+11	13000.000000	2.04386e+11	13000.000000	2.37761e+11	13000.000000	2.38427e+11	13000.000000	2.37872e+11	13000.000000	3.55477e+08	13000.000000	6.92633e+08	13000.000000	8.86084e+08	13000.000000	9.03045e+08	13000.000000	1.32841e+09	
14000.000000	1.82045e+11	14000.000000	2.15818e+11	14000.000000	2.54984e+11	14000.000000	2.55691e+11	14000.000000	2.55101e+11	14000.000000	3.67926e+08	14000.000000	7.58112e+08	14000.000000	9.24411e+08	14000.000000	9.44709e+08	14000.000000	1.39234e+09	
15000.000000	1.88829e+11	15000.000000	2.26789e+11	15000.000000	2.72056e+11	15000.000000	2.72803e+11	15000.000000	2.7218e+11	15000.000000	3.79771e+08	15000.000000	8.24985e+08	15000.000000	9.61058e+08	15000.000000	9.84533e+08	15000.000000	1.4536e+09	
16000.000000	1.95147e+11	16000.000000	2.37337e+11	16000.000000	2.8899e+11	16000.000000	2.89774e+11	16000.000000	2.89118e+11	16000.000000	3.91082e+08	16000.000000	8.93214e+08	16000.000000	9.962e+08 	16000.000000	1.0227e+09	16000.000000	1.51244e+09	
17000.000000	2.01047e+11	17000.000000	2.47492e+11	17000.000000	3.05794e+11	17000.000000	3.06614e+11	17000.000000	3.05926e+11	17000.000000	4.01916e+08	17000.000000	9.62693e+08	17000.000000	1.02999e+09	17000.000000	1.05938e+09	17000.000000	1.5691e+09	
18000.000000	2.06567e+11	18000.000000	2.57283e+11	18000.000000	3.22476e+11	18000.000000	3.23331e+11	18000.000000	3.22613e+11	18000.000000	4.12322e+08	18000.000000	1.03331e+09	18000.000000	1.06254e+09	18000.000000	1.09469e+09	18000.000000	1.62376e+09	
19000.000000	2.11745e+11	19000.000000	2.66736e+11	19000.000000	3.39044e+11	19000.000000	3.39933e+11	19000.000000	3.39186e+11	19000.000000	4.22342e+08	19000.000000	1.10496e+09	19000.000000	1.09397e+09	19000.000000	1.12876e+09	19000.000000	1.6766e+09	
20000.000000	2.1661e+11	20000.000000	2.75875e+11	20000.000000	3.55504e+11	20000.000000	3.56428e+11	20000.000000	3.55652e+11	20000.000000	4.3201e+08	20000.000000	1.17757e+09	20000.000000	1.12438e+09	20000.000000	1.16169e+09	20000.000000	1.72776e+09	
21000.000000	2.21191e+11	21000.000000	2.84718e+11	21000.000000	3.71863e+11	21000.000000	3.72821e+11	21000.000000	3.72018e+11	21000.000000	4.41357e+08	21000.000000	1.25109e+09	21000.000000	1.15383e+09	21000.000000	1.19356e+09	21000.000000	1.77737e+09	
22000.000000	2.25511e+11	22000.000000	2.93287e+11	22000.000000	3.88127e+11	22000.000000	3.89119e+11	22000.000000	3.88288e+11	22000.000000	4.5041e+08	22000.000000	1.32563e+09	22000.000000	1.18242e+09	22000.000000	1.22446e+09	22000.000000	1.82554e+09	
23000.000000	2.29593e+11	23000.000000	3.01596e+11	23000.000000	4.04301e+11	23000.000000	4.05325e+11	23000.000000	4.04469e+11	23000.000000	4.59192e+08	23000.000000	1.40123e+09	23000.000000	1.21019e+09	23000.000000	1.25446e+09	23000.000000	1.87238e+09	
24000.000000	2.33455e+11	24000.000000	3.09663e+11	24000.000000	4.2039e+11	24000.000000	4.21445e+11	24000.000000	4.20564e+11	24000.000000	4.67722e+08	24000.000000	1.47774e+09	24000.000000	1.2372e+09	24000.000000	1.28362e+09	24000.000000	1.91798e+09	
25000.000000	2.37114e+11	25000.000000	3.17501e+11	25000.000000	4.36398e+11	25000.000000	4.37483e+11	25000.000000	4.36578e+11	25000.000000	4.76019e+08	25000.000000	1.55515e+09	25000.000000	1.26352e+09	25000.000000	1.31199e+09	25000.000000	1.96241e+09	
26000.000000	2.40587e+11	26000.000000	3.25123e+11	26000.000000	4.52329e+11	26000.000000	4.53443e+11	26000.000000	4.52515e+11	26000.000000	4.841e+08 	26000.000000	1.63345e+09	26000.000000	1.28917e+09	26000.000000	1.33963e+09	26000.000000	2.00575e+09	
27000.000000	2.43887e+11	27000.000000	3.32541e+11	27000.000000	4.68186e+11	27000.000000	4.69329e+11	27000.000000	4.68378e+11	27000.000000	4.91978e+08	27000.000000	1.71265e+09	27000.000000	1.3142e+09	27000.000000	1.36657e+09	27000.000000	2.04807e+09	
28000.000000	2.47026e+11	28000.000000	3.39766e+11	28000.000000	4.83974e+11	28000.000000	4.85143e+11	28000.000000	4.8417e+11	28000.000000	4.99667e+08	28000.000000	1.79271e+09	28000.000000	1.33865e+09	28000.000000	1.39287e+09	28000.000000	2.08942e+09	
29000.000000	2.50017e+11	29000.000000	3.46808e+11	29000.000000	4.99694e+11	29000.000000	5.00888e+11	29000.000000	4.99896e+11	29000.000000	5.07178e+08	29000.000000	1.87365e+09	29000.000000	1.36256e+09	29000.000000	1.41856e+09	29000.000000	2.12987e+09	
30000.000000	2.52868e+11	30000.000000	3.53676e+11	30000.000000	5.15349e+11	30000.000000	5.16569e+11	30000.000000	5.15556e+11	30000.000000	5.14521e+08	30000.000000	1.95544e+09	30000.000000	1.38594e+09	30000.000000	1.44366e+09	30000.000000	2.16945e+09	
32000.000000	2.58191e+11	32000.000000	3.66925e+11	32000.000000	5.46475e+11	32000.000000	5.47743e+11	32000.000000	5.46694e+11	32000.000000	5.28744e+08	32000.000000	2.12153e+09	32000.000000	1.43127e+09	32000.000000	1.49226e+09	32000.000000	2.24621e+09	
34000.000000	2.6306e+11	34000.000000	3.79575e+11	34000.000000	5.77372e+11	34000.000000	5.78684e+11	34000.000000	5.77602e+11	34000.000000	5.42401e+08	34000.000000	2.29068e+09	34000.000000	1.47482e+09	34000.000000	1.53889e+09	34000.000000	2.32002e+09	
36000.000000	2.6753e+11	36000.000000	3.91678e+11	36000.000000	6.08057e+11	36000.000000	6.09408e+11	36000.000000	6.08297e+11	36000.000000	5.55551e+08	36000.000000	2.46265e+09	36000.000000	1.51678e+09	36000.000000	1.58374e+09	36000.000000	2.39116e+09	
38000.000000	2.71647e+11	38000.000000	4.03282e+11	38000.000000	6.38543e+11	38000.000000	6.3993e+11	38000.000000	6.38794e+11	38000.000000	5.6824e+08	38000.000000	2.63736e+09	38000.000000	1.55727e+09	38000.000000	1.62696e+09	38000.000000	2.45987e+09	
40000.000000	2.75452e+11	40000.000000	4.14426e+11	40000.000000	6.68843e+11	40000.000000	6.70262e+11	40000.000000	6.69105e+11	40000.000000	5.80511e+08	40000.000000	2.81476e+09	40000.000000	1.59643e+09	40000.000000	1.66869e+09	40000.000000	2.52634e+09	
42000.000000	2.78977e+11	42000.000000	4.25148e+11	42000.000000	6.98969e+11	42000.000000	7.00416e+11	42000.000000	6.99241e+11	42000.000000	5.92397e+08	42000.000000	2.99477e+09	42000.000000	1.63435e+09	42000.000000	1.70905e+09	42000.000000	2.59075e+09	
44000.000000	2.82251e+11	44000.000000	4.35478e+11	44000.000000	7.28931e+11	44000.000000	7.30402e+11	44000.000000	7.29214e+11	44000.000000	6.03931e+08	44000.000000	3.17729e+09	44000.000000	1.67114e+09	44000.000000	1.74815e+09	44000.000000	2.65326e+09	
46000.000000	2.853e+11 	46000.000000	4.45445e+11	46000.000000	7.58737e+11	46000.000000	7.60229e+11	46000.000000	7.59032e+11	46000.000000	6.1514e+08	46000.000000	3.36222e+09	46000.000000	1.70688e+09	46000.000000	1.78608e+09	46000.000000	2.71401e+09	
48000.000000	2.88145e+11	48000.000000	4.55075e+11	48000.000000	7.88396e+11	48000.000000	7.89906e+11	48000.000000	7.88703e+11	48000.000000	6.26046e+08	48000.000000	3.54944e+09	48000.000000	1.74163e+09	48000.000000	1.82292e+09	48000.000000	2.77311e+09	
50000.000000	2.90806e+11	50000.000000	4.6439e+11	50000.000000	8.17916e+11	50000.000000	8.1944e+11	50000.000000	8.18235e+11	50000.000000	6.36673e+08	50000.000000	3.73886e+09	50000.000000	1.77547e+09	50000.000000	1.85875e+09	50000.000000	2.83068e+09	
