! 11Li range in H180C10F40
! apply ZOOM for details
Energy (MeV/u)1	0 - [He-base] F.Hubert et al, AD&ND Tables 46(1990)1	Energy (MeV/u)2	1 - [H -base] J.F.Ziegler et al,Pergamon Press,NY(low energy)	Energy (MeV/u)3	2 - ATIMA 1.2 LS-theory (recommended for high energy)	Energy (MeV/u)4	3 - ATIMA 1.2 without LS-correction	Energy (MeV/u)5	4 - ATIMA 1.4 H.Weick, improved mean charge formula for HI	Energy (MeV/u)6	5 - Range straggling - method [0] - LISE	Energy (MeV/u)7	6 - Range straggling - method [1] - Atima	Energy (MeV/u)8	7 - Lateral range - method [0] - LISE	Energy (MeV/u)9	8 - Lateral range - method [1] - Atima	Energy (MeV/u)10	9 - Lateral range - method [2] - PDG	
0.001000	528.114   	0.001000	528.114   	0.001000	410.906   	0.001000	410.906   	0.001000	410.996   	0.001000	0         	0.001000	0         	0.001000	11.1297   	0.001000	21.8886   	0.001000	12.0592   	
0.002000	1056.23   	0.002000	1056.23   	0.002000	821.812   	0.002000	821.812   	0.002000	821.993   	0.002000	40.9633   	0.002000	40.9633   	0.002000	32.5966   	0.002000	61.9554   	0.002000	36.7627   	
0.005000	2425.91   	0.005000	2425.91   	0.005000	1856.93   	0.005000	1856.93   	0.005000	1857.21   	0.005000	49.151    	0.005000	49.151    	0.005000	117.351   	0.005000	215.359   	0.005000	137.296   	
0.008000	3533.39   	0.008000	3533.39   	0.008000	2696.28   	0.008000	2696.28   	0.008000	2696.59   	0.008000	49.417    	0.008000	49.417    	0.008000	209.063   	0.008000	378.356   	0.008000	247.989   	
0.010000	4175.28   	0.010000	4175.28   	0.010000	3187.75   	0.010000	3187.75   	0.010000	3188.07   	0.010000	50.2585   	0.010000	50.2585   	0.010000	269.33    	0.010000	483.886   	0.010000	322.325   	
0.015000	5556.97   	0.015000	5556.97   	0.015000	4267.63   	0.015000	4267.63   	0.015000	4267.95   	0.015000	53.9986   	0.015000	53.9986   	0.015000	400.737   	0.015000	692.823   	0.015000	500.288   	
0.020000	6719.02   	0.020000	6719.02   	0.020000	5217.49   	0.020000	5217.49   	0.020000	5217.82   	0.020000	58.325    	0.020000	58.325    	0.020000	515.839   	0.020000	854.541   	0.020000	619.382   	
0.025000	7712.04   	0.025000	7712.04   	0.025000	6072.86   	0.025000	6072.86   	0.025000	6073.2    	0.025000	62.131    	0.025000	62.131    	0.025000	614.906   	0.025000	985.821   	0.025000	699.184   	
0.030000	8580.68   	0.030000	8580.68   	0.030000	6853.06   	0.030000	6853.06   	0.030000	6853.4    	0.030000	65.3086   	0.030000	65.3086   	0.030000	687.564   	0.030000	1081.5    	0.030000	757.297   	
0.035000	9363.32   	0.035000	9363.32   	0.035000	7573.13   	0.035000	7573.13   	0.035000	7573.48   	0.035000	68.0329   	0.035000	68.0329   	0.035000	742.457   	0.035000	1154.35   	0.035000	802.791   	
0.040000	10083.3   	0.040000	10083.3   	0.040000	8244.57   	0.040000	8244.57   	0.040000	8244.91   	0.040000	70.4282   	0.040000	70.4282   	0.040000	786.572   	0.040000	1213.42   	0.040000	840.248   	
0.045000	10754.7   	0.045000	10754.7   	0.045000	8875.92   	0.045000	8875.92   	0.045000	8876.27   	0.045000	72.5687   	0.045000	72.5687   	0.045000	823.404   	0.045000	1263.05   	0.045000	871.659   	
0.050000	11386.6   	0.050000	11386.6   	0.050000	9473.79   	0.050000	9473.79   	0.050000	9474.14   	0.050000	74.5032   	0.050000	74.4283   	0.050000	854.893   	0.050000	1305.72   	0.050000	899.339   	
0.055000	11985.4   	0.055000	11985.4   	0.055000	10043.4   	0.055000	10043.4   	0.055000	10043.7   	0.055000	76.2641   	0.055000	76.0625   	0.055000	882.083   	0.055000	1342.81   	0.055000	923.111   	
0.060000	12555.5   	0.060000	12555.5   	0.060000	10588.8   	0.060000	10588.8   	0.060000	10589.2   	0.060000	77.8764   	0.060000	77.5451   	0.060000	906.268   	0.060000	1375.81   	0.060000	944.502   	
0.070000	13625.5   	0.070000	13625.5   	0.070000	11620.4   	0.070000	11620.4   	0.070000	11620.7   	0.070000	80.7445   	0.070000	80.161    	0.070000	947.693   	0.070000	1432.17   	0.070000	981.715   	
0.080000	14620.9   	0.080000	14620.9   	0.080000	12589.3   	0.080000	12589.3   	0.080000	12589.7   	0.080000	83.2506   	0.080000	82.4348   	0.080000	982.636   	0.080000	1479.53   	0.080000	1013.49   	
0.090000	15559.2   	0.090000	15559.2   	0.090000	13510.6   	0.090000	13510.6   	0.090000	13510.9   	0.090000	85.4948   	0.090000	84.4675   	0.090000	1012.23   	0.090000	1519.48   	0.090000	1040.94   	
0.100000	16453.4   	0.100000	16453.4   	0.100000	14394.9   	0.100000	14394.9   	0.100000	14395.3   	0.100000	87.5487   	0.100000	86.3102   	0.100000	1038.91   	0.100000	1554.97   	0.100000	1065.87   	
0.120000	18136.9   	0.120000	18136.9   	0.120000	16084.3   	0.120000	16084.3   	0.120000	16084.6   	0.120000	91.2173   	0.120000	89.5546   	0.120000	1084.49   	0.120000	1614.77   	0.120000	1109.9    	
0.140000	19719.2   	0.140000	19719.2   	0.140000	17703.5   	0.140000	17703.5   	0.140000	17703.9   	0.140000	94.4917   	0.140000	92.4078   	0.140000	1123.59   	0.140000	1664.59   	0.140000	1148.33   	
0.160000	21236.7   	0.160000	21236.7   	0.160000	19282     	0.160000	19282     	0.160000	19282.4   	0.160000	97.5483   	0.160000	95.0408   	0.160000	1158.32   	0.160000	1707.63   	0.160000	1183.23   	
0.180000	22716.2   	0.180000	22716.2   	0.180000	20839.1   	0.180000	20839.1   	0.180000	20839.4   	0.180000	100.51    	0.180000	97.5682   	0.180000	1190.45   	0.180000	1746.13   	0.180000	1216.64   	
0.200000	24173.8   	0.200000	24173.8   	0.200000	22388.1   	0.200000	22388.1   	0.200000	22388.4   	0.200000	103.444   	0.200000	100.052   	0.200000	1220.68   	0.200000	1781.34   	0.200000	1248.33   	
0.250000	27791.7   	0.250000	27791.7   	0.250000	26281.7   	0.250000	26281.7   	0.250000	26282.1   	0.250000	110.946   	0.250000	106.331   	0.250000	1291.71   	0.250000	1860.26   	0.250000	1325.33   	
0.300000	31399.2   	0.300000	31399.2   	0.300000	30260.8   	0.300000	30260.8   	0.300000	30261.2   	0.300000	118.673   	0.300000	112.71    	0.300000	1358.5    	0.300000	1929.96   	0.300000	1399.92   	
0.350000	35046.4   	0.350000	35046.4   	0.350000	34346.3   	0.350000	34346.3   	0.350000	34346.6   	0.350000	126.805   	0.350000	119.356   	0.350000	1422.68   	0.350000	1994.01   	0.350000	1471.08   	
0.400000	38776.1   	0.400000	38776.1   	0.400000	38570.2   	0.400000	38570.2   	0.400000	38570.6   	0.400000	135.531   	0.400000	126.426   	0.400000	1486.22   	0.400000	2055.92   	0.400000	1534.17   	
0.450000	42620.2   	0.450000	42620.2   	0.450000	42956.2   	0.450000	42956.2   	0.450000	42956.6   	0.450000	145.011   	0.450000	134.042   	0.450000	1543.18   	0.450000	2118.3    	0.450000	1596.8    	
0.500000	46595.6   	0.500000	46595.6   	0.500000	47515.4   	0.500000	47515.4   	0.500000	47515.7   	0.500000	155.316   	0.500000	142.259   	0.500000	1596.18   	0.500000	2181.7    	0.500000	1660.02   	
0.600000	54948.1   	0.600000	54948.1   	0.600000	57160.6   	0.600000	57160.6   	0.600000	57161     	0.600000	178.316   	0.600000	160.593   	0.600000	1702.89   	0.600000	2311.26   	0.600000	1787.62   	
0.700000	63917.3   	0.700000	63917.3   	0.700000	67503.2   	0.700000	67503.2   	0.700000	67503.5   	0.700000	204.956   	0.700000	182.651   	0.700000	1812.42   	0.700000	2445.89   	0.700000	1918.31   	
0.800000	73472.8   	0.800000	73472.8   	0.800000	78527     	0.800000	78527     	0.800000	78527.3   	0.800000	234.731   	0.800000	207.758   	0.800000	1926.03   	0.800000	2585.58   	0.800000	1978.56   	
0.900000	83562.8   	0.900000	83562.8   	0.900000	90214.3   	0.900000	90214.3   	0.900000	90214.7   	0.900000	267.052   	0.900000	235.096   	0.900000	2041.48   	0.900000	2728.56   	0.900000	2026.12   	
1.000000	94258.2   	1.000000	94258.2   	1.000000	102565    	1.000000	102565    	1.000000	102565    	1.000000	302.494   	1.000000	264.936   	1.000000	2156.01   	1.000000	2876.45   	1.000000	2079.89   	
1.250000	123824    	1.250000	123824    	1.250000	136319    	1.250000	136319    	1.250000	136320    	1.250000	405.882   	1.250000	350.557   	1.250000	2365.68   	1.250000	3264.95   	1.250000	2239.24   	
1.500000	158188    	1.500000	158188    	1.500000	174009    	1.500000	174009    	1.500000	174010    	1.500000	537.39    	1.500000	456.53    	1.500000	2565.57   	1.500000	3493.71   	1.500000	2442.15   	
1.750000	197689    	1.750000	197689    	1.750000	215539    	1.750000	215539    	1.750000	215540    	1.750000	698.744   	1.750000	583.22    	1.750000	2812.96   	1.750000	3782.11   	1.750000	2691.35   	
2.000000	241916    	2.000000	241916    	2.000000	260877    	2.000000	260877    	2.000000	260877    	2.000000	884.369   	2.000000	725.499   	2.000000	3102.53   	2.000000	4121.67   	2.000000	2982.03   	
2.250000	290595    	2.250000	290595    	2.250000	310028    	2.250000	310028    	2.250000	310028    	2.250000	1091.19   	2.250000	880.555   	2.250000	3430.4    	2.250000	4506.4    	2.250000	3310.66   	
2.500000	343614    	2.500000	343541    	2.500000	363007    	2.500000	363007    	2.500000	363008    	2.500000	1317.59   	2.500000	1046.88   	2.500000	3793.79   	2.500000	4932.03   	2.500000	3674.7    	
3.000000	466172    	3.000000	461686    	3.000000	480496    	3.000000	480496    	3.000000	480496    	3.000000	1825.38   	3.000000	1409.96   	3.000000	4619.22   	3.000000	5894.1    	3.000000	4501.66   	
3.500000	604808    	3.500000	595605    	3.500000	613376    	3.500000	613376    	3.500000	613376    	3.500000	2404.1    	3.500000	1811.31   	3.500000	5567.82   	3.500000	6991.11   	3.500000	5452.67   	
4.000000	759231    	4.000000	744880    	4.000000	761606    	4.000000	761606    	4.000000	761606    	4.000000	3052.95   	4.000000	2249.9    	4.000000	6633.49   	4.000000	8213.45   	4.000000	6522.1    	
4.500000	929185    	4.500000	909227    	4.500000	925088    	4.500000	925088    	4.500000	925088    	4.500000	3771.82   	4.500000	2725.04   	4.500000	7812.38   	4.500000	9554.87   	4.500000	7706.38   	
5.000000	1.11444e+06	5.000000	1.08842e+06	5.000000	1.10369e+06	5.000000	1.10369e+06	5.000000	1.10369e+06	5.000000	4560.58   	5.000000	3236.26   	5.000000	9101.67   	5.000000	11010.8   	5.000000	9002.89   	
5.500000	1.31479e+06	5.500000	1.28226e+06	5.500000	1.29727e+06	5.500000	1.29727e+06	5.500000	1.29727e+06	5.500000	5418.77   	5.500000	3783      	5.500000	10498.9   	5.500000	12577.2   	5.500000	10409.2   	
6.000000	1.53003e+06	6.000000	1.49053e+06	6.000000	1.50566e+06	6.000000	1.50566e+06	6.000000	1.50566e+06	6.000000	6345.8    	6.000000	4364.69   	6.000000	12002.1   	6.000000	14251.3   	6.000000	11923.6   	
6.500000	1.76001e+06	6.500000	1.71306e+06	6.500000	1.72872e+06	6.500000	1.72872e+06	6.500000	1.72872e+06	6.500000	7341.2    	6.500000	4980.78   	6.500000	13609.7   	6.500000	16030.3   	6.500000	13544.5   	
7.000000	2.00455e+06	7.000000	1.9497e+06	7.000000	1.9663e+06	7.000000	1.9663e+06	7.000000	1.9663e+06	7.000000	8404.46   	7.000000	5630.82   	7.000000	15320.3   	7.000000	17912.1   	7.000000	15270.5   	
7.500000	2.2635e+06	7.500000	2.2003e+06	7.500000	2.21825e+06	7.500000	2.21825e+06	7.500000	2.21825e+06	7.500000	9535.06   	7.500000	6314.34   	7.500000	17132.5   	7.500000	19894.6   	7.500000	17100.3   	
8.000000	2.53673e+06	8.000000	2.46471e+06	8.000000	2.48444e+06	8.000000	2.48444e+06	8.000000	2.48444e+06	8.000000	10732.5   	8.000000	7030.84   	8.000000	19045.2   	8.000000	21976.1   	8.000000	19033     	
8.500000	2.82409e+06	8.500000	2.7428e+06	8.500000	2.76475e+06	8.500000	2.76475e+06	8.500000	2.76475e+06	8.500000	11996.2   	8.500000	7779.71   	8.500000	21057.5   	8.500000	24155.1   	8.500000	21067.3   	
9.000000	3.12546e+06	9.000000	3.03444e+06	9.000000	3.05906e+06	9.000000	3.05906e+06	9.000000	3.05906e+06	9.000000	13325.8   	9.000000	8560.44   	9.000000	23168.1   	9.000000	26429.9   	9.000000	23202.4   	
9.500000	3.44073e+06	9.500000	3.33953e+06	9.500000	3.36725e+06	9.500000	3.36725e+06	9.500000	3.36725e+06	9.500000	14720.8   	9.500000	9372.71   	9.500000	25376.4   	9.500000	28799.4   	9.500000	25437.4   	
10.000000	3.76977e+06	10.000000	3.65802e+06	10.000000	3.68923e+06	10.000000	3.68923e+06	10.000000	3.68923e+06	10.000000	16181.7   	10.000000	10216.9   	10.000000	27682     	10.000000	31262.8   	10.000000	27772.1   	
11.000000	4.46875e+06	11.000000	4.33921e+06	11.000000	4.37458e+06	11.000000	4.37452e+06	11.000000	4.37459e+06	11.000000	19355.6   	11.000000	12032.2   	11.000000	32621.9   	11.000000	36506.9   	11.000000	32778     	
12.000000	5.2216e+06	12.000000	5.07388e+06	12.000000	5.11478e+06	12.000000	5.11457e+06	12.000000	5.11482e+06	12.000000	22793.4   	12.000000	13974.7   	12.000000	37953.4   	12.000000	42125.3   	12.000000	38185.3   	
13.000000	6.02755e+06	13.000000	5.86136e+06	13.000000	5.90915e+06	13.000000	5.90869e+06	13.000000	5.90924e+06	13.000000	26493     	13.000000	16041.5   	13.000000	43672.1   	13.000000	48111.3   	13.000000	43990     	
14.000000	6.8859e+06	14.000000	6.70102e+06	14.000000	6.75705e+06	14.000000	6.75626e+06	14.000000	6.75723e+06	14.000000	30452.1   	14.000000	18229.9   	14.000000	49773.9   	14.000000	54458.4   	14.000000	50187.8   	
15.000000	7.79601e+06	15.000000	7.59229e+06	15.000000	7.65785e+06	15.000000	7.65669e+06	15.000000	7.65816e+06	15.000000	34668.2   	15.000000	20539.3   	15.000000	56254.6   	15.000000	61160.9   	15.000000	56775     	
16.000000	8.75725e+06	16.000000	8.5346e+06	16.000000	8.61096e+06	16.000000	8.60938e+06	16.000000	8.61144e+06	16.000000	39139.2   	16.000000	22968.1   	16.000000	63110.5   	16.000000	68213.5   	16.000000	63747.9   	
17.000000	9.76904e+06	17.000000	9.52743e+06	17.000000	9.61581e+06	17.000000	9.61377e+06	17.000000	9.61651e+06	17.000000	43862.7   	17.000000	25513.7   	17.000000	70338.2   	17.000000	75611.2   	17.000000	71103.3   	
18.000000	1.08308e+07	18.000000	1.05703e+07	18.000000	1.06718e+07	18.000000	1.06693e+07	18.000000	1.06728e+07	18.000000	48836.4   	18.000000	28174     	18.000000	77934     	18.000000	83349.3   	18.000000	78837.7   	
19.000000	1.19421e+07	19.000000	1.16627e+07	19.000000	1.17784e+07	19.000000	1.17754e+07	19.000000	1.17797e+07	19.000000	54058     	19.000000	30947.8   	19.000000	85894.6   	19.000000	91423.3   	19.000000	86948     	
20.000000	1.31023e+07	20.000000	1.28042e+07	20.000000	1.29351e+07	20.000000	1.29316e+07	20.000000	1.29367e+07	20.000000	59525.5   	20.000000	33833.8   	20.000000	94216.9   	20.000000	99829.2   	20.000000	95431.3   	
21.000000	1.43111e+07	21.000000	1.39944e+07	21.000000	1.41412e+07	21.000000	1.41372e+07	21.000000	1.41433e+07	21.000000	65236.7   	21.000000	36830.5   	21.000000	102898    	21.000000	108563    	21.000000	104285    	
22.000000	1.55679e+07	22.000000	1.52329e+07	22.000000	1.53963e+07	22.000000	1.53918e+07	22.000000	1.53988e+07	22.000000	71189.4   	22.000000	39936.6   	22.000000	111935    	22.000000	117621    	22.000000	113505    	
23.000000	1.68723e+07	23.000000	1.65192e+07	23.000000	1.66997e+07	23.000000	1.66947e+07	23.000000	1.67026e+07	23.000000	77381.6   	23.000000	43150.9   	23.000000	121324    	23.000000	127000    	23.000000	123091    	
24.000000	1.82238e+07	24.000000	1.7853e+07	24.000000	1.80508e+07	24.000000	1.80454e+07	24.000000	1.80543e+07	24.000000	83811.3   	24.000000	46472.1   	24.000000	131064    	24.000000	136695    	24.000000	133038    	
25.000000	1.96221e+07	25.000000	1.92339e+07	25.000000	1.9449e+07	25.000000	1.94432e+07	25.000000	1.94532e+07	25.000000	90476.4   	25.000000	49899.1   	25.000000	141151    	25.000000	146705    	25.000000	143345    	
27.000000	2.25575e+07	27.000000	2.21355e+07	27.000000	2.23847e+07	27.000000	2.23782e+07	27.000000	2.23901e+07	27.000000	104505    	27.000000	57066.5   	27.000000	162357    	27.000000	167653    	27.000000	165028    	
29.000000	2.56754e+07	29.000000	2.52213e+07	29.000000	2.55017e+07	29.000000	2.54949e+07	29.000000	2.55087e+07	29.000000	119453    	29.000000	64643.4   	29.000000	184922    	29.000000	189820    	29.000000	188121    	
31.000000	2.89729e+07	31.000000	2.84887e+07	31.000000	2.87957e+07	31.000000	2.87887e+07	31.000000	2.88043e+07	31.000000	135304    	31.000000	72616.8   	31.000000	208825    	31.000000	213184    	31.000000	212605    	
33.000000	3.24474e+07	33.000000	3.19352e+07	33.000000	3.22661e+07	33.000000	3.22594e+07	33.000000	3.22764e+07	33.000000	152045    	33.000000	80983.7   	33.000000	234050    	33.000000	237723    	33.000000	238464    	
35.000000	3.60964e+07	35.000000	3.55584e+07	35.000000	3.5911e+07	35.000000	3.59051e+07	35.000000	3.59232e+07	35.000000	169661    	35.000000	89735.7   	35.000000	260577    	35.000000	263418    	35.000000	265681    	
38.000000	4.18918e+07	38.000000	4.13197e+07	38.000000	4.17008e+07	38.000000	4.16967e+07	38.000000	4.17158e+07	38.000000	197698    	38.000000	103567    	38.000000	302772    	38.000000	304087    	38.000000	309018    	
41.000000	4.80668e+07	41.000000	4.74661e+07	41.000000	4.78711e+07	41.000000	4.78697e+07	41.000000	4.78892e+07	41.000000	227630    	41.000000	118231    	41.000000	347802    	41.000000	347254    	41.000000	355324    	
44.000000	5.46142e+07	44.000000	5.3991e+07	44.000000	5.4415e+07	44.000000	5.44174e+07	44.000000	5.44365e+07	44.000000	259413    	44.000000	133696    	44.000000	395614    	44.000000	392863    	44.000000	404549    	
47.000000	6.15273e+07	47.000000	6.08876e+07	47.000000	6.13261e+07	47.000000	6.13335e+07	47.000000	6.13514e+07	47.000000	293008    	47.000000	149943    	47.000000	446154    	47.000000	440862    	47.000000	456647    	
50.000000	6.87997e+07	50.000000	6.81498e+07	50.000000	6.85986e+07	50.000000	6.86119e+07	50.000000	6.8628e+07	50.000000	328374    	50.000000	166954    	50.000000	499373    	50.000000	491202    	50.000000	511573    	
55.000000	8.17029e+07	55.000000	8.10499e+07	55.000000	8.1508e+07	55.000000	8.15322e+07	55.000000	8.15436e+07	55.000000	391150    	55.000000	196961    	55.000000	593895    	55.000000	580176    	55.000000	609282    	
60.000000	9.55619e+07	60.000000	9.49228e+07	60.000000	9.53797e+07	60.000000	9.5418e+07	60.000000	9.54227e+07	60.000000	458568    	60.000000	228973    	60.000000	695510    	60.000000	675317    	60.000000	714536    	
65.000000	1.10353e+08	65.000000	1.09744e+08	65.000000	1.10192e+08	65.000000	1.10246e+08	65.000000	1.10242e+08	65.000000	530467    	65.000000	262894    	65.000000	804016    	65.000000	776437    	65.000000	827151    	
70.000000	1.26053e+08	70.000000	1.25491e+08	70.000000	1.25921e+08	70.000000	1.25994e+08	70.000000	1.25979e+08	70.000000	606691    	70.000000	298678    	70.000000	919218    	70.000000	883358    	70.000000	946956    	
75.000000	1.42642e+08	75.000000	1.42141e+08	75.000000	1.42546e+08	75.000000	1.42641e+08	75.000000	1.42613e+08	75.000000	687094    	75.000000	336250    	75.000000	1.04093e+06	75.000000	995916    	75.000000	1.07379e+06	
80.000000	1.601e+08 	80.000000	1.59674e+08	80.000000	1.60049e+08	80.000000	1.60167e+08	80.000000	1.60125e+08	80.000000	771535    	80.000000	375571    	80.000000	1.16897e+06	80.000000	1.11395e+06	80.000000	1.20748e+06	
85.000000	1.78409e+08	85.000000	1.7807e+08	85.000000	1.7841e+08	85.000000	1.78554e+08	85.000000	1.78495e+08	85.000000	859879    	85.000000	416557    	85.000000	1.30318e+06	85.000000	1.23733e+06	85.000000	1.3479e+06	
90.000000	1.97552e+08	90.000000	1.9731e+08	90.000000	1.97611e+08	90.000000	1.97783e+08	90.000000	1.97706e+08	90.000000	951997    	90.000000	459165    	90.000000	1.44339e+06	90.000000	1.36589e+06	90.000000	1.49488e+06	
95.000000	2.17512e+08	95.000000	2.17376e+08	95.000000	2.17635e+08	95.000000	2.17837e+08	95.000000	2.17739e+08	95.000000	1.04776e+06	95.000000	503348    	95.000000	1.58944e+06	95.000000	1.49952e+06	95.000000	1.6483e+06	
100.000000	2.38273e+08	100.000000	2.3825e+08	100.000000	2.38465e+08	100.000000	2.387e+08 	100.000000	2.3858e+08	100.000000	1.14706e+06	100.000000	549065    	100.000000	1.74118e+06	100.000000	1.63808e+06	100.000000	1.80802e+06	
105.000000	2.59821e+08	105.000000	2.59916e+08	105.000000	2.60085e+08	105.000000	2.60355e+08	105.000000	2.6021e+08	105.000000	1.24978e+06	105.000000	596272    	105.000000	1.89847e+06	105.000000	1.78146e+06	105.000000	1.9739e+06	
110.000000	2.82141e+08	110.000000	2.82358e+08	110.000000	2.8248e+08	110.000000	2.82787e+08	110.000000	2.82616e+08	110.000000	1.35581e+06	110.000000	644936    	110.000000	2.06116e+06	110.000000	1.92953e+06	110.000000	2.14583e+06	
115.000000	3.0522e+08	115.000000	3.0556e+08	115.000000	3.05634e+08	115.000000	3.05981e+08	115.000000	3.05782e+08	115.000000	1.46503e+06	115.000000	695004    	115.000000	2.22911e+06	115.000000	2.08219e+06	115.000000	2.32368e+06	
120.000000	3.29045e+08	120.000000	3.29508e+08	120.000000	3.29535e+08	120.000000	3.29923e+08	120.000000	3.29694e+08	120.000000	1.57736e+06	120.000000	746412    	120.000000	2.40221e+06	120.000000	2.23933e+06	120.000000	2.50733e+06	
125.000000	3.53603e+08	125.000000	3.54186e+08	125.000000	3.54166e+08	125.000000	3.54599e+08	125.000000	3.54337e+08	125.000000	1.69269e+06	125.000000	799164    	125.000000	2.58031e+06	125.000000	2.40084e+06	125.000000	2.69668e+06	
130.000000	3.78883e+08	130.000000	3.79581e+08	130.000000	3.79515e+08	130.000000	3.79995e+08	130.000000	3.79699e+08	130.000000	1.81093e+06	130.000000	853203    	130.000000	2.76329e+06	130.000000	2.56664e+06	130.000000	2.8916e+06	
135.000000	4.04873e+08	135.000000	4.0568e+08	135.000000	4.05571e+08	135.000000	4.06097e+08	135.000000	4.05766e+08	135.000000	1.93198e+06	135.000000	908477    	135.000000	2.95104e+06	135.000000	2.73662e+06	135.000000	3.092e+06 	
140.000000	4.31562e+08	140.000000	4.32469e+08	140.000000	4.3232e+08	140.000000	4.32895e+08	140.000000	4.32526e+08	140.000000	2.05577e+06	140.000000	964965    	140.000000	3.14345e+06	140.000000	2.9107e+06	140.000000	3.29777e+06	
145.000000	4.58939e+08	145.000000	4.59936e+08	145.000000	4.59747e+08	145.000000	4.60374e+08	145.000000	4.59965e+08	145.000000	2.1822e+06	145.000000	1.02264e+06	145.000000	3.34039e+06	145.000000	3.08878e+06	145.000000	3.50881e+06	
150.000000	4.86994e+08	150.000000	4.88068e+08	150.000000	4.87842e+08	150.000000	4.88523e+08	150.000000	4.88073e+08	150.000000	2.31119e+06	150.000000	1.08147e+06	150.000000	3.54175e+06	150.000000	3.27077e+06	150.000000	3.72501e+06	
155.000000	5.25547e+08	155.000000	5.16853e+08	155.000000	5.16594e+08	155.000000	5.1733e+08	155.000000	5.16837e+08	155.000000	2.44267e+06	155.000000	1.14143e+06	155.000000	3.74745e+06	155.000000	3.45661e+06	155.000000	3.9463e+06	
160.000000	5.65272e+08	160.000000	5.4628e+08	160.000000	5.45989e+08	160.000000	5.46785e+08	160.000000	5.46246e+08	160.000000	2.57655e+06	160.000000	1.2025e+06	160.000000	3.95736e+06	160.000000	3.64619e+06	160.000000	4.17256e+06	
165.000000	6.05819e+08	165.000000	5.76338e+08	165.000000	5.76018e+08	165.000000	5.76874e+08	165.000000	5.76289e+08	165.000000	2.71277e+06	165.000000	1.26465e+06	165.000000	4.1714e+06	165.000000	3.83946e+06	165.000000	4.40372e+06	
170.000000	6.47175e+08	170.000000	6.07015e+08	170.000000	6.06671e+08	170.000000	6.07589e+08	170.000000	6.06955e+08	170.000000	2.85125e+06	170.000000	1.32786e+06	170.000000	4.38947e+06	170.000000	4.03633e+06	170.000000	4.63968e+06	
175.000000	6.89324e+08	175.000000	6.38301e+08	175.000000	6.37935e+08	175.000000	6.38918e+08	175.000000	6.38234e+08	175.000000	2.99192e+06	175.000000	1.39211e+06	175.000000	4.61146e+06	175.000000	4.23673e+06	175.000000	4.88036e+06	
180.000000	7.32255e+08	180.000000	6.70185e+08	180.000000	6.698e+08 	180.000000	6.70851e+08	180.000000	6.70115e+08	180.000000	3.13472e+06	180.000000	1.45738e+06	180.000000	4.8373e+06	180.000000	4.44059e+06	180.000000	5.12567e+06	
185.000000	7.75953e+08	185.000000	7.02658e+08	185.000000	7.02258e+08	185.000000	7.03378e+08	185.000000	7.02588e+08	185.000000	3.27958e+06	185.000000	1.52365e+06	185.000000	5.06688e+06	185.000000	4.64784e+06	185.000000	5.37553e+06	
190.000000	8.20407e+08	190.000000	7.35709e+08	190.000000	7.353e+08 	190.000000	7.36489e+08	190.000000	7.35644e+08	190.000000	3.42644e+06	190.000000	1.59085e+06	190.000000	5.30013e+06	190.000000	4.85841e+06	190.000000	5.62987e+06	
195.000000	8.65604e+08	195.000000	7.6933e+08	195.000000	7.68915e+08	195.000000	7.70175e+08	195.000000	7.69272e+08	195.000000	3.57523e+06	195.000000	1.65897e+06	195.000000	5.53696e+06	195.000000	5.07224e+06	195.000000	5.8886e+06	
200.000000	9.11532e+08	200.000000	8.03509e+08	200.000000	8.03092e+08	200.000000	8.04426e+08	200.000000	8.03464e+08	200.000000	3.7259e+06	200.000000	1.72802e+06	200.000000	5.77729e+06	200.000000	5.28926e+06	200.000000	6.15165e+06	
210.000000	1.00554e+09	210.000000	8.73511e+08	210.000000	8.73099e+08	210.000000	8.74587e+08	210.000000	8.73502e+08	210.000000	4.03266e+06	210.000000	1.86883e+06	210.000000	6.26814e+06	210.000000	5.73264e+06	210.000000	6.6904e+06	
220.000000	1.10233e+09	220.000000	9.45644e+08	220.000000	9.45253e+08	220.000000	9.46901e+08	220.000000	9.45687e+08	220.000000	4.34626e+06	220.000000	2.01301e+06	220.000000	6.77204e+06	220.000000	6.18808e+06	220.000000	7.24555e+06	
230.000000	1.20183e+09	230.000000	1.01984e+09	230.000000	1.01948e+09	230.000000	1.0213e+09	230.000000	1.01995e+09	230.000000	4.6663e+06	230.000000	2.16043e+06	230.000000	7.28843e+06	230.000000	6.65513e+06	230.000000	7.81656e+06	
240.000000	1.30395e+09	240.000000	1.09604e+09	240.000000	1.09573e+09	240.000000	1.09772e+09	240.000000	1.09623e+09	240.000000	4.99239e+06	240.000000	2.31104e+06	240.000000	7.81675e+06	240.000000	7.13335e+06	240.000000	8.40289e+06	
250.000000	1.40861e+09	250.000000	1.17417e+09	250.000000	1.17393e+09	250.000000	1.1761e+09	250.000000	1.17446e+09	250.000000	5.32417e+06	250.000000	2.46478e+06	250.000000	8.35648e+06	250.000000	7.62234e+06	250.000000	9.00404e+06	
260.000000	1.51575e+09	260.000000	1.25419e+09	260.000000	1.25402e+09	260.000000	1.25638e+09	260.000000	1.25459e+09	260.000000	5.66129e+06	260.000000	2.62129e+06	260.000000	8.90711e+06	260.000000	8.12172e+06	260.000000	9.61953e+06	
270.000000	1.6253e+09	270.000000	1.33603e+09	270.000000	1.33594e+09	270.000000	1.3385e+09	270.000000	1.33655e+09	270.000000	6.00343e+06	270.000000	2.78059e+06	270.000000	9.46817e+06	270.000000	8.6311e+06	270.000000	1.02489e+07	
280.000000	1.73718e+09	280.000000	1.41964e+09	280.000000	1.41965e+09	280.000000	1.42241e+09	280.000000	1.42029e+09	280.000000	6.35027e+06	280.000000	2.94262e+06	280.000000	1.00392e+07	280.000000	9.15014e+06	280.000000	1.08917e+07	
290.000000	1.85132e+09	290.000000	1.50496e+09	290.000000	1.50508e+09	290.000000	1.50805e+09	290.000000	1.50576e+09	290.000000	6.70154e+06	290.000000	3.10729e+06	290.000000	1.06198e+07	290.000000	9.67849e+06	290.000000	1.15475e+07	
300.000000	1.96768e+09	300.000000	1.59196e+09	300.000000	1.59219e+09	300.000000	1.59537e+09	300.000000	1.5929e+09	300.000000	7.05695e+06	300.000000	3.27449e+06	300.000000	1.12094e+07	300.000000	1.02158e+07	300.000000	1.22159e+07	
310.000000	2.08619e+09	310.000000	1.68058e+09	310.000000	1.68093e+09	310.000000	1.68433e+09	310.000000	1.68168e+09	310.000000	7.41625e+06	310.000000	3.444e+06 	310.000000	1.18079e+07	310.000000	1.07618e+07	310.000000	1.28964e+07	
320.000000	2.20679e+09	320.000000	1.77077e+09	320.000000	1.77125e+09	320.000000	1.77488e+09	320.000000	1.77203e+09	320.000000	7.77918e+06	320.000000	3.61586e+06	320.000000	1.24146e+07	320.000000	1.13162e+07	320.000000	1.35888e+07	
330.000000	2.32942e+09	330.000000	1.86249e+09	330.000000	1.8631e+09	330.000000	1.86696e+09	330.000000	1.86392e+09	330.000000	8.14552e+06	330.000000	3.79002e+06	330.000000	1.30294e+07	330.000000	1.18787e+07	330.000000	1.42926e+07	
340.000000	2.45404e+09	340.000000	1.9557e+09	340.000000	1.95644e+09	340.000000	1.96054e+09	340.000000	1.95731e+09	340.000000	8.51504e+06	340.000000	3.9663e+06	340.000000	1.36518e+07	340.000000	1.2449e+07	340.000000	1.50075e+07	
350.000000	2.58059e+09	350.000000	2.05036e+09	350.000000	2.05124e+09	350.000000	2.05558e+09	350.000000	2.05214e+09	350.000000	8.88754e+06	350.000000	4.14459e+06	350.000000	1.42815e+07	350.000000	1.30269e+07	350.000000	1.57332e+07	
360.000000	2.70902e+09	360.000000	2.14643e+09	360.000000	2.14745e+09	360.000000	2.15203e+09	360.000000	2.14839e+09	360.000000	9.26281e+06	360.000000	4.32488e+06	360.000000	1.49182e+07	360.000000	1.3612e+07	360.000000	1.64693e+07	
370.000000	2.83929e+09	370.000000	2.24387e+09	370.000000	2.24502e+09	370.000000	2.24986e+09	370.000000	2.246e+09 	370.000000	9.64067e+06	370.000000	4.50724e+06	370.000000	1.55616e+07	370.000000	1.42042e+07	370.000000	1.72154e+07	
380.000000	2.97135e+09	380.000000	2.34264e+09	380.000000	2.34393e+09	380.000000	2.34902e+09	380.000000	2.34495e+09	380.000000	1.00209e+07	380.000000	4.69158e+06	380.000000	1.62114e+07	380.000000	1.48032e+07	380.000000	1.79714e+07	
390.000000	3.10516e+09	390.000000	2.44272e+09	390.000000	2.44413e+09	390.000000	2.44949e+09	390.000000	2.44519e+09	390.000000	1.04034e+07	390.000000	4.87774e+06	390.000000	1.68674e+07	390.000000	1.54088e+07	390.000000	1.87368e+07	
400.000000	3.24066e+09	400.000000	2.54405e+09	400.000000	2.5456e+09	400.000000	2.55122e+09	400.000000	2.5467e+09	400.000000	1.0788e+07	400.000000	5.06566e+06	400.000000	1.75292e+07	400.000000	1.60207e+07	400.000000	1.95114e+07	
410.000000	3.37783e+09	410.000000	2.64662e+09	410.000000	2.64829e+09	410.000000	2.65419e+09	410.000000	2.64943e+09	410.000000	1.11745e+07	410.000000	5.25531e+06	410.000000	1.81965e+07	410.000000	1.66388e+07	410.000000	2.0295e+07	
420.000000	3.51661e+09	420.000000	2.75039e+09	420.000000	2.75217e+09	420.000000	2.75835e+09	420.000000	2.75336e+09	420.000000	1.15628e+07	420.000000	5.44657e+06	420.000000	1.88693e+07	420.000000	1.72629e+07	420.000000	2.10872e+07	
430.000000	3.65698e+09	430.000000	2.85532e+09	430.000000	2.85721e+09	430.000000	2.86368e+09	430.000000	2.85845e+09	430.000000	1.19527e+07	430.000000	5.63932e+06	430.000000	1.95471e+07	430.000000	1.78927e+07	430.000000	2.18878e+07	
440.000000	3.79889e+09	440.000000	2.9614e+09	440.000000	2.96339e+09	440.000000	2.97014e+09	440.000000	2.96467e+09	440.000000	1.23441e+07	440.000000	5.83357e+06	440.000000	2.02299e+07	440.000000	1.8528e+07	440.000000	2.26965e+07	
450.000000	3.94231e+09	450.000000	3.06858e+09	450.000000	3.07067e+09	450.000000	3.07771e+09	450.000000	3.07199e+09	450.000000	1.27368e+07	450.000000	6.02937e+06	450.000000	2.09173e+07	450.000000	1.91688e+07	450.000000	2.35132e+07	
460.000000	4.08719e+09	460.000000	3.17685e+09	460.000000	3.17902e+09	460.000000	3.18636e+09	460.000000	3.18038e+09	460.000000	1.31308e+07	460.000000	6.2267e+06	460.000000	2.16092e+07	460.000000	1.98147e+07	460.000000	2.43374e+07	
470.000000	4.23351e+09	470.000000	3.28617e+09	470.000000	3.28842e+09	470.000000	3.29605e+09	470.000000	3.28982e+09	470.000000	1.3526e+07	470.000000	6.42554e+06	470.000000	2.23053e+07	470.000000	2.04657e+07	470.000000	2.51692e+07	
480.000000	4.38124e+09	480.000000	3.39652e+09	480.000000	3.39883e+09	480.000000	3.40677e+09	480.000000	3.40028e+09	480.000000	1.39222e+07	480.000000	6.62578e+06	480.000000	2.30055e+07	480.000000	2.11215e+07	480.000000	2.60081e+07	
490.000000	4.53033e+09	490.000000	3.50788e+09	490.000000	3.51023e+09	490.000000	3.51848e+09	490.000000	3.51173e+09	490.000000	1.43193e+07	490.000000	6.82732e+06	490.000000	2.37096e+07	490.000000	2.1782e+07	490.000000	2.6854e+07	
500.000000	4.68077e+09	500.000000	3.62021e+09	500.000000	3.62259e+09	500.000000	3.63116e+09	500.000000	3.62414e+09	500.000000	1.47173e+07	500.000000	7.0301e+06	500.000000	2.44173e+07	500.000000	2.24471e+07	500.000000	2.77066e+07	
520.000000	4.98552e+09	520.000000	3.84771e+09	520.000000	3.85013e+09	520.000000	3.85932e+09	520.000000	3.85176e+09	520.000000	1.55152e+07	520.000000	7.43951e+06	520.000000	2.58433e+07	520.000000	2.37902e+07	520.000000	2.94314e+07	
540.000000	5.29527e+09	540.000000	4.07885e+09	540.000000	4.08125e+09	540.000000	4.09107e+09	540.000000	4.08296e+09	540.000000	1.63154e+07	540.000000	7.85397e+06	540.000000	2.7282e+07	540.000000	2.51497e+07	540.000000	3.1181e+07	
560.000000	5.60978e+09	560.000000	4.31345e+09	560.000000	4.31574e+09	560.000000	4.32624e+09	560.000000	4.31755e+09	560.000000	1.71172e+07	560.000000	8.27287e+06	560.000000	2.87324e+07	560.000000	2.65246e+07	560.000000	3.29538e+07	
580.000000	5.92885e+09	580.000000	4.55136e+09	580.000000	4.55347e+09	580.000000	4.56464e+09	580.000000	4.55537e+09	580.000000	1.792e+07 	580.000000	8.69627e+06	580.000000	3.01931e+07	580.000000	2.79138e+07	580.000000	3.47485e+07	
600.000000	6.25227e+09	600.000000	4.7924e+09	600.000000	4.79427e+09	600.000000	4.80612e+09	600.000000	4.79627e+09	600.000000	1.87232e+07	600.000000	9.12408e+06	600.000000	3.16633e+07	600.000000	2.93163e+07	600.000000	3.65636e+07	
620.000000	6.57986e+09	620.000000	5.03645e+09	620.000000	5.03799e+09	620.000000	5.05054e+09	620.000000	5.04008e+09	620.000000	1.95264e+07	620.000000	9.5558e+06	620.000000	3.31419e+07	620.000000	3.07313e+07	620.000000	3.83981e+07	
640.000000	6.91142e+09	640.000000	5.28336e+09	640.000000	5.28448e+09	640.000000	5.29775e+09	640.000000	5.28668e+09	640.000000	2.03291e+07	640.000000	9.99117e+06	640.000000	3.4628e+07	640.000000	3.21578e+07	640.000000	4.02507e+07	
660.000000	7.24678e+09	660.000000	5.533e+09 	660.000000	5.53363e+09	660.000000	5.54763e+09	660.000000	5.53593e+09	660.000000	2.11309e+07	660.000000	1.04301e+07	660.000000	3.61207e+07	660.000000	3.35952e+07	660.000000	4.21203e+07	
680.000000	7.58579e+09	680.000000	5.78525e+09	680.000000	5.7853e+09	680.000000	5.80003e+09	680.000000	5.7877e+09	680.000000	2.19315e+07	680.000000	1.08724e+07	680.000000	3.76194e+07	680.000000	3.50425e+07	680.000000	4.40059e+07	
700.000000	7.92827e+09	700.000000	6.03998e+09	700.000000	6.03939e+09	700.000000	6.05485e+09	700.000000	6.04188e+09	700.000000	2.27305e+07	700.000000	1.1318e+07	700.000000	3.91231e+07	700.000000	3.64992e+07	700.000000	4.59063e+07	
720.000000	8.27408e+09	720.000000	6.2971e+09	720.000000	6.29577e+09	720.000000	6.31197e+09	720.000000	6.29835e+09	720.000000	2.35276e+07	720.000000	1.17668e+07	720.000000	4.06313e+07	720.000000	3.79644e+07	720.000000	4.78208e+07	
740.000000	8.62308e+09	740.000000	6.55648e+09	740.000000	6.55432e+09	740.000000	6.57129e+09	740.000000	6.55701e+09	740.000000	2.43225e+07	740.000000	1.22186e+07	740.000000	4.21433e+07	740.000000	3.94377e+07	740.000000	4.97483e+07	
760.000000	8.97512e+09	760.000000	6.81804e+09	760.000000	6.81495e+09	760.000000	6.8327e+09	760.000000	6.81776e+09	760.000000	2.51151e+07	760.000000	1.2673e+07	760.000000	4.36585e+07	760.000000	4.09183e+07	760.000000	5.1688e+07	
780.000000	9.33007e+09	780.000000	7.08166e+09	780.000000	7.07758e+09	780.000000	7.09611e+09	780.000000	7.0805e+09	780.000000	2.59049e+07	780.000000	1.313e+07 	780.000000	4.51763e+07	780.000000	4.24057e+07	780.000000	5.36392e+07	
800.000000	9.68781e+09	800.000000	7.34727e+09	800.000000	7.34212e+09	800.000000	7.36143e+09	800.000000	7.34513e+09	800.000000	2.66919e+07	800.000000	1.35894e+07	800.000000	4.66963e+07	800.000000	4.38993e+07	800.000000	5.56009e+07	
820.000000	1.00482e+10	820.000000	7.61478e+09	820.000000	7.60848e+09	820.000000	7.62857e+09	820.000000	7.61158e+09	820.000000	2.74759e+07	820.000000	1.40513e+07	820.000000	4.82178e+07	820.000000	4.53986e+07	820.000000	5.75725e+07	
840.000000	1.04112e+10	840.000000	7.88409e+09	840.000000	7.87657e+09	840.000000	7.89744e+09	840.000000	7.87977e+09	840.000000	2.82566e+07	840.000000	1.45157e+07	840.000000	4.97405e+07	840.000000	4.69032e+07	840.000000	5.95533e+07	
860.000000	1.07766e+10	860.000000	8.15514e+09	860.000000	8.14631e+09	860.000000	8.16798e+09	860.000000	8.14961e+09	860.000000	2.90339e+07	860.000000	1.49826e+07	860.000000	5.12639e+07	860.000000	4.84125e+07	860.000000	6.15426e+07	
880.000000	1.11443e+10	880.000000	8.42784e+09	880.000000	8.41763e+09	880.000000	8.44011e+09	880.000000	8.42103e+09	880.000000	2.98077e+07	880.000000	1.54519e+07	880.000000	5.27876e+07	880.000000	4.99261e+07	880.000000	6.35398e+07	
900.000000	1.15142e+10	900.000000	8.70212e+09	900.000000	8.69045e+09	900.000000	8.71375e+09	900.000000	8.69396e+09	900.000000	3.05778e+07	900.000000	1.59233e+07	900.000000	5.43112e+07	900.000000	5.14436e+07	900.000000	6.55442e+07	
920.000000	1.18863e+10	920.000000	8.97791e+09	920.000000	8.96471e+09	920.000000	8.98884e+09	920.000000	8.96833e+09	920.000000	3.13441e+07	920.000000	1.63966e+07	920.000000	5.58345e+07	920.000000	5.29645e+07	920.000000	6.75552e+07	
940.000000	1.22604e+10	940.000000	9.25515e+09	940.000000	9.24036e+09	940.000000	9.26532e+09	940.000000	9.24409e+09	940.000000	3.21066e+07	940.000000	1.68718e+07	940.000000	5.73569e+07	940.000000	5.44886e+07	940.000000	6.95724e+07	
960.000000	1.26365e+10	960.000000	9.53377e+09	960.000000	9.51733e+09	960.000000	9.54312e+09	960.000000	9.52117e+09	960.000000	3.2865e+07	960.000000	1.73487e+07	960.000000	5.88783e+07	960.000000	5.60153e+07	960.000000	7.15952e+07	
980.000000	1.30144e+10	980.000000	9.81371e+09	980.000000	9.79557e+09	980.000000	9.82219e+09	980.000000	9.7995e+09	980.000000	3.36195e+07	980.000000	1.78273e+07	980.000000	6.03983e+07	980.000000	5.75445e+07	980.000000	7.3623e+07	
1000.000000	1.33941e+10	1000.000000	1.00949e+10	1000.000000	1.0075e+10	1000.000000	1.01025e+10	1000.000000	1.0079e+10	1000.000000	3.43697e+07	1000.000000	1.83074e+07	1000.000000	6.19167e+07	1000.000000	5.90757e+07	1000.000000	7.56554e+07	
1020.000000	1.37754e+10	1020.000000	1.03773e+10	1020.000000	1.03556e+10	1020.000000	1.03839e+10	1020.000000	1.03597e+10	1020.000000	3.51158e+07	1020.000000	1.87891e+07	1020.000000	6.34332e+07	1020.000000	6.06086e+07	1020.000000	7.7692e+07	
1040.000000	1.41584e+10	1040.000000	1.06609e+10	1040.000000	1.06373e+10	1040.000000	1.06665e+10	1040.000000	1.06416e+10	1040.000000	3.58576e+07	1040.000000	1.92724e+07	1040.000000	6.49475e+07	1040.000000	6.2143e+07	1040.000000	7.97322e+07	
1060.000000	1.45429e+10	1060.000000	1.09455e+10	1060.000000	1.09201e+10	1060.000000	1.09501e+10	1060.000000	1.09244e+10	1060.000000	3.65951e+07	1060.000000	1.97574e+07	1060.000000	6.64595e+07	1060.000000	6.36785e+07	1060.000000	8.17757e+07	
1080.000000	1.49289e+10	1080.000000	1.12312e+10	1080.000000	1.12039e+10	1080.000000	1.12347e+10	1080.000000	1.12083e+10	1080.000000	3.73282e+07	1080.000000	2.0244e+07	1080.000000	6.79688e+07	1080.000000	6.52148e+07	1080.000000	8.38221e+07	
1100.000000	1.53162e+10	1100.000000	1.1518e+10	1100.000000	1.14886e+10	1100.000000	1.15203e+10	1100.000000	1.14931e+10	1100.000000	3.80569e+07	1100.000000	2.07321e+07	1100.000000	6.94754e+07	1100.000000	6.67518e+07	1100.000000	8.58709e+07	
1120.000000	1.57049e+10	1120.000000	1.18056e+10	1120.000000	1.17743e+10	1120.000000	1.18068e+10	1120.000000	1.17789e+10	1120.000000	3.87812e+07	1120.000000	2.12217e+07	1120.000000	7.09791e+07	1120.000000	6.82892e+07	1120.000000	8.79219e+07	
1140.000000	1.60949e+10	1140.000000	1.20942e+10	1140.000000	1.20608e+10	1140.000000	1.20942e+10	1140.000000	1.20655e+10	1140.000000	3.9501e+07	1140.000000	2.17127e+07	1140.000000	7.24796e+07	1140.000000	6.98266e+07	1140.000000	8.99746e+07	
1160.000000	1.6486e+10	1160.000000	1.23837e+10	1160.000000	1.23482e+10	1160.000000	1.23825e+10	1160.000000	1.2353e+10	1160.000000	4.02163e+07	1160.000000	2.22048e+07	1160.000000	7.39767e+07	1160.000000	7.1364e+07	1160.000000	9.20288e+07	
1180.000000	1.68783e+10	1180.000000	1.26739e+10	1180.000000	1.26364e+10	1180.000000	1.26715e+10	1180.000000	1.26413e+10	1180.000000	4.09271e+07	1180.000000	2.26981e+07	1180.000000	7.54705e+07	1180.000000	7.29011e+07	1180.000000	9.4084e+07	
1200.000000	1.72716e+10	1200.000000	1.2965e+10	1200.000000	1.29254e+10	1200.000000	1.29614e+10	1200.000000	1.29304e+10	1200.000000	4.16334e+07	1200.000000	2.31925e+07	1200.000000	7.69606e+07	1200.000000	7.44376e+07	1200.000000	9.614e+07 	
1220.000000	1.7666e+10	1220.000000	1.32568e+10	1220.000000	1.32151e+10	1220.000000	1.3252e+10	1220.000000	1.32202e+10	1220.000000	4.23351e+07	1220.000000	2.3688e+07	1220.000000	7.84469e+07	1220.000000	7.59735e+07	1220.000000	9.81966e+07	
1240.000000	1.80613e+10	1240.000000	1.35494e+10	1240.000000	1.35055e+10	1240.000000	1.35433e+10	1240.000000	1.35108e+10	1240.000000	4.30323e+07	1240.000000	2.41845e+07	1240.000000	7.99294e+07	1240.000000	7.75084e+07	1240.000000	1.00253e+08	
1260.000000	1.84576e+10	1260.000000	1.38426e+10	1260.000000	1.37966e+10	1260.000000	1.38353e+10	1260.000000	1.3802e+10	1260.000000	4.3725e+07	1260.000000	2.46819e+07	1260.000000	8.1408e+07	1260.000000	7.90423e+07	1260.000000	1.0231e+08	
1280.000000	1.88547e+10	1280.000000	1.41365e+10	1280.000000	1.40884e+10	1280.000000	1.41279e+10	1280.000000	1.40939e+10	1280.000000	4.44131e+07	1280.000000	2.51804e+07	1280.000000	8.28824e+07	1280.000000	8.05749e+07	1280.000000	1.04366e+08	
1300.000000	1.92526e+10	1300.000000	1.4431e+10	1300.000000	1.43808e+10	1300.000000	1.44212e+10	1300.000000	1.43864e+10	1300.000000	4.50967e+07	1300.000000	2.56798e+07	1300.000000	8.43526e+07	1300.000000	8.21061e+07	1300.000000	1.06422e+08	
1320.000000	1.96513e+10	1320.000000	1.4726e+10	1320.000000	1.46737e+10	1320.000000	1.47151e+10	1320.000000	1.46794e+10	1320.000000	4.57757e+07	1320.000000	2.61801e+07	1320.000000	8.58185e+07	1320.000000	8.36357e+07	1320.000000	1.08477e+08	
1340.000000	2.00507e+10	1340.000000	1.50216e+10	1340.000000	1.49672e+10	1340.000000	1.50095e+10	1340.000000	1.49731e+10	1340.000000	4.64501e+07	1340.000000	2.66812e+07	1340.000000	8.72801e+07	1340.000000	8.51637e+07	1340.000000	1.10531e+08	
1360.000000	2.04507e+10	1360.000000	1.53178e+10	1360.000000	1.52613e+10	1360.000000	1.53045e+10	1360.000000	1.52673e+10	1360.000000	4.71201e+07	1360.000000	2.71832e+07	1360.000000	8.87372e+07	1360.000000	8.66898e+07	1360.000000	1.12584e+08	
1380.000000	2.08514e+10	1380.000000	1.56144e+10	1380.000000	1.55559e+10	1380.000000	1.56e+10  	1380.000000	1.5562e+10	1380.000000	4.77855e+07	1380.000000	2.76859e+07	1380.000000	9.01897e+07	1380.000000	8.82139e+07	1380.000000	1.14636e+08	
1400.000000	2.12527e+10	1400.000000	1.59115e+10	1400.000000	1.5851e+10	1400.000000	1.5896e+10	1400.000000	1.58572e+10	1400.000000	4.84464e+07	1400.000000	2.81895e+07	1400.000000	9.16377e+07	1400.000000	8.97359e+07	1400.000000	1.16685e+08	
1420.000000	2.16545e+10	1420.000000	1.62091e+10	1420.000000	1.61466e+10	1420.000000	1.61925e+10	1420.000000	1.61529e+10	1420.000000	4.91029e+07	1420.000000	2.86937e+07	1420.000000	9.30809e+07	1420.000000	9.12556e+07	1420.000000	1.18733e+08	
1440.000000	2.20569e+10	1440.000000	1.65071e+10	1440.000000	1.64426e+10	1440.000000	1.64894e+10	1440.000000	1.64491e+10	1440.000000	4.97548e+07	1440.000000	2.91987e+07	1440.000000	9.45194e+07	1440.000000	9.2773e+07	1440.000000	1.20779e+08	
1460.000000	2.24597e+10	1460.000000	1.68054e+10	1460.000000	1.67391e+10	1460.000000	1.67868e+10	1460.000000	1.67456e+10	1460.000000	5.04023e+07	1460.000000	2.97043e+07	1460.000000	9.59531e+07	1460.000000	9.4288e+07	1460.000000	1.22823e+08	
1480.000000	2.28629e+10	1480.000000	1.71042e+10	1480.000000	1.7036e+10	1480.000000	1.70846e+10	1480.000000	1.70426e+10	1480.000000	5.10454e+07	1480.000000	3.02107e+07	1480.000000	9.7382e+07	1480.000000	9.58004e+07	1480.000000	1.24864e+08	
1500.000000	2.32665e+10	1500.000000	1.74033e+10	1500.000000	1.73333e+10	1500.000000	1.73828e+10	1500.000000	1.734e+10 	1500.000000	5.1684e+07	1500.000000	3.07176e+07	1500.000000	9.88059e+07	1500.000000	9.73101e+07	1500.000000	1.26903e+08	
1520.000000	2.36705e+10	1520.000000	1.77027e+10	1520.000000	1.76309e+10	1520.000000	1.76813e+10	1520.000000	1.76378e+10	1520.000000	5.23182e+07	1520.000000	3.12252e+07	1520.000000	1.00225e+08	1520.000000	9.88171e+07	1520.000000	1.28939e+08	
1540.000000	2.40748e+10	1540.000000	1.80024e+10	1540.000000	1.7929e+10	1540.000000	1.79803e+10	1540.000000	1.79359e+10	1540.000000	5.29481e+07	1540.000000	3.17334e+07	1540.000000	1.01639e+08	1540.000000	1.00321e+08	1540.000000	1.30973e+08	
1560.000000	2.44794e+10	1560.000000	1.83024e+10	1560.000000	1.82273e+10	1560.000000	1.82795e+10	1560.000000	1.82344e+10	1560.000000	5.35736e+07	1560.000000	3.22421e+07	1560.000000	1.03048e+08	1560.000000	1.01822e+08	1560.000000	1.33003e+08	
1580.000000	2.48843e+10	1580.000000	1.86027e+10	1580.000000	1.8526e+10	1580.000000	1.85791e+10	1580.000000	1.85332e+10	1580.000000	5.41947e+07	1580.000000	3.27513e+07	1580.000000	1.04452e+08	1580.000000	1.03321e+08	1580.000000	1.3503e+08	
1600.000000	2.52894e+10	1600.000000	1.89032e+10	1600.000000	1.8825e+10	1600.000000	1.8879e+10	1600.000000	1.88323e+10	1600.000000	5.48116e+07	1600.000000	3.3261e+07	1600.000000	1.05851e+08	1600.000000	1.04816e+08	1600.000000	1.37055e+08	
1620.000000	2.56948e+10	1620.000000	1.92039e+10	1620.000000	1.91243e+10	1620.000000	1.91792e+10	1620.000000	1.91317e+10	1620.000000	5.54242e+07	1620.000000	3.3771e+07	1620.000000	1.07244e+08	1620.000000	1.06307e+08	1620.000000	1.39075e+08	
1640.000000	2.61003e+10	1640.000000	1.95048e+10	1640.000000	1.94239e+10	1640.000000	1.94797e+10	1640.000000	1.94314e+10	1640.000000	5.60325e+07	1640.000000	3.42815e+07	1640.000000	1.08633e+08	1640.000000	1.07796e+08	1640.000000	1.41093e+08	
1660.000000	2.65059e+10	1660.000000	1.9806e+10	1660.000000	1.97238e+10	1660.000000	1.97805e+10	1660.000000	1.97314e+10	1660.000000	5.66366e+07	1660.000000	3.47922e+07	1660.000000	1.10016e+08	1660.000000	1.09281e+08	1660.000000	1.43107e+08	
1680.000000	2.69117e+10	1680.000000	2.01073e+10	1680.000000	2.00239e+10	1680.000000	2.00815e+10	1680.000000	2.00316e+10	1680.000000	5.72365e+07	1680.000000	3.53033e+07	1680.000000	1.11395e+08	1680.000000	1.10763e+08	1680.000000	1.45117e+08	
1700.000000	2.73175e+10	1700.000000	2.04087e+10	1700.000000	2.03243e+10	1700.000000	2.03828e+10	1700.000000	2.0332e+10	1700.000000	5.78322e+07	1700.000000	3.58147e+07	1700.000000	1.12768e+08	1700.000000	1.12242e+08	1700.000000	1.47123e+08	
1750.000000	2.83325e+10	1750.000000	2.1163e+10	1750.000000	2.10761e+10	1750.000000	2.11369e+10	1750.000000	2.10842e+10	1750.000000	5.93034e+07	1750.000000	3.70942e+07	1750.000000	1.16178e+08	1750.000000	1.15923e+08	1750.000000	1.52122e+08	
1800.000000	2.93475e+10	1800.000000	2.19179e+10	1800.000000	2.18292e+10	1800.000000	2.18924e+10	1800.000000	2.18376e+10	1800.000000	6.07491e+07	1800.000000	3.83751e+07	1800.000000	1.19555e+08	1800.000000	1.19581e+08	1800.000000	1.57095e+08	
1850.000000	3.03622e+10	1850.000000	2.26732e+10	1850.000000	2.25834e+10	1850.000000	2.26489e+10	1850.000000	2.25921e+10	1850.000000	6.21699e+07	1850.000000	3.96575e+07	1850.000000	1.22899e+08	1850.000000	1.23215e+08	1850.000000	1.62042e+08	
1900.000000	3.13763e+10	1900.000000	2.34288e+10	1900.000000	2.33386e+10	1900.000000	2.34063e+10	1900.000000	2.33475e+10	1900.000000	6.3566e+07	1900.000000	4.09411e+07	1900.000000	1.2621e+08	1900.000000	1.26826e+08	1900.000000	1.66961e+08	
1950.000000	3.23895e+10	1950.000000	2.41845e+10	1950.000000	2.40946e+10	1950.000000	2.41646e+10	1950.000000	2.41038e+10	1950.000000	6.49381e+07	1950.000000	4.2226e+07	1950.000000	1.29488e+08	1950.000000	1.30412e+08	1950.000000	1.71851e+08	
2000.000000	3.34016e+10	2000.000000	2.494e+10 	2000.000000	2.48513e+10	2000.000000	2.49236e+10	2000.000000	2.48608e+10	2000.000000	6.62866e+07	2000.000000	4.35118e+07	2000.000000	1.32734e+08	2000.000000	1.33973e+08	2000.000000	1.76711e+08	
2100.000000	3.54213e+10	2100.000000	2.64501e+10	2100.000000	2.63662e+10	2100.000000	2.64432e+10	2100.000000	2.63763e+10	2100.000000	6.89145e+07	2100.000000	4.60858e+07	2100.000000	1.39127e+08	2100.000000	1.41018e+08	2100.000000	1.86339e+08	
2200.000000	3.74335e+10	2200.000000	2.79581e+10	2200.000000	2.78828e+10	2200.000000	2.79642e+10	2200.000000	2.78933e+10	2200.000000	7.14536e+07	2200.000000	4.86613e+07	2200.000000	1.45391e+08	2200.000000	1.4796e+08	2200.000000	1.9584e+08	
2300.000000	3.94366e+10	2300.000000	2.94629e+10	2300.000000	2.94001e+10	2300.000000	2.94861e+10	2300.000000	2.94112e+10	2300.000000	7.39075e+07	2300.000000	5.12364e+07	2300.000000	1.51527e+08	2300.000000	1.54795e+08	2300.000000	2.05212e+08	
2400.000000	4.14294e+10	2400.000000	3.09637e+10	2400.000000	3.09177e+10	2400.000000	3.10082e+10	2400.000000	3.09292e+10	2400.000000	7.62797e+07	2400.000000	5.38095e+07	2400.000000	1.57537e+08	2400.000000	1.61523e+08	2400.000000	2.1445e+08	
2500.000000	4.34106e+10	2500.000000	3.24599e+10	2500.000000	3.24351e+10	2500.000000	3.253e+10 	2500.000000	3.24471e+10	2500.000000	7.85737e+07	2500.000000	5.63789e+07	2500.000000	1.63424e+08	2500.000000	1.68144e+08	2500.000000	2.23553e+08	
2600.000000	4.53792e+10	2600.000000	3.39507e+10	2600.000000	3.39517e+10	2600.000000	3.40512e+10	2600.000000	3.39643e+10	2600.000000	8.07928e+07	2600.000000	5.89433e+07	2600.000000	1.69191e+08	2600.000000	1.74659e+08	2600.000000	2.32521e+08	
2700.000000	4.73345e+10	2700.000000	3.54357e+10	2700.000000	3.54674e+10	2700.000000	3.55713e+10	2700.000000	3.54804e+10	2700.000000	8.29401e+07	2700.000000	6.15018e+07	2700.000000	1.7484e+08	2700.000000	1.81066e+08	2700.000000	2.41353e+08	
2800.000000	4.92757e+10	2800.000000	3.69145e+10	2800.000000	3.69817e+10	2800.000000	3.70902e+10	2800.000000	3.69953e+10	2800.000000	8.50188e+07	2800.000000	6.40533e+07	2800.000000	1.80373e+08	2800.000000	1.87367e+08	2800.000000	2.50049e+08	
2900.000000	5.12023e+10	2900.000000	3.83866e+10	2900.000000	3.84945e+10	2900.000000	3.86075e+10	2900.000000	3.85087e+10	2900.000000	8.70316e+07	2900.000000	6.65972e+07	2900.000000	1.85794e+08	2900.000000	1.93564e+08	2900.000000	2.5861e+08	
3000.000000	5.31136e+10	3000.000000	3.98517e+10	3000.000000	4.00055e+10	3000.000000	4.0123e+10	3000.000000	4.00203e+10	3000.000000	8.89815e+07	3000.000000	6.91329e+07	3000.000000	1.91105e+08	3000.000000	1.99657e+08	3000.000000	2.67036e+08	
3200.000000	5.6889e+10	3200.000000	4.27598e+10	3200.000000	4.30217e+10	3200.000000	4.3148e+10	3200.000000	4.30375e+10	3200.000000	9.27026e+07	3200.000000	7.41775e+07	3200.000000	2.01411e+08	3200.000000	2.11537e+08	3200.000000	2.8349e+08	
3400.000000	6.05994e+10	3400.000000	4.56372e+10	3400.000000	4.6029e+10	3400.000000	4.61642e+10	3400.000000	4.60459e+10	3400.000000	9.62019e+07	3400.000000	7.91834e+07	3400.000000	2.11311e+08	3400.000000	2.23019e+08	3400.000000	2.99423e+08	
3600.000000	6.42432e+10	3600.000000	4.84824e+10	3600.000000	4.90268e+10	3600.000000	4.91707e+10	3600.000000	4.90447e+10	3600.000000	9.9497e+07	3600.000000	8.41475e+07	3600.000000	2.20827e+08	3600.000000	2.34118e+08	3600.000000	3.1485e+08	
3800.000000	6.78196e+10	3800.000000	5.12948e+10	3800.000000	5.20145e+10	3800.000000	5.2167e+10	3800.000000	5.20334e+10	3800.000000	1.02604e+08	3800.000000	8.90675e+07	3800.000000	2.29981e+08	3800.000000	2.44848e+08	3800.000000	3.29786e+08	
4000.000000	7.13282e+10	4000.000000	5.40737e+10	4000.000000	5.49918e+10	4000.000000	5.51528e+10	4000.000000	5.50117e+10	4000.000000	1.05538e+08	4000.000000	9.39413e+07	4000.000000	2.3879e+08	4000.000000	2.55222e+08	4000.000000	3.44249e+08	
4200.000000	7.4769e+10	4200.000000	5.6819e+10	4200.000000	5.79585e+10	4200.000000	5.81279e+10	4200.000000	5.79793e+10	4200.000000	1.08311e+08	4200.000000	9.87675e+07	4200.000000	2.47275e+08	4200.000000	2.65256e+08	4200.000000	3.58256e+08	
4400.000000	7.81426e+10	4400.000000	5.95305e+10	4400.000000	6.09144e+10	4400.000000	6.10922e+10	4400.000000	6.09362e+10	4400.000000	1.10936e+08	4400.000000	1.03545e+08	4400.000000	2.55451e+08	4400.000000	2.74963e+08	4400.000000	3.71824e+08	
4600.000000	8.14497e+10	4600.000000	6.22085e+10	4600.000000	6.38596e+10	4600.000000	6.40457e+10	4600.000000	6.38824e+10	4600.000000	1.13424e+08	4600.000000	1.08272e+08	4600.000000	2.63335e+08	4600.000000	2.84358e+08	4600.000000	3.84971e+08	
4800.000000	8.46912e+10	4800.000000	6.4853e+10	4800.000000	6.67942e+10	4800.000000	6.69884e+10	4800.000000	6.68178e+10	4800.000000	1.15784e+08	4800.000000	1.12949e+08	4800.000000	2.70944e+08	4800.000000	2.93453e+08	4800.000000	3.97712e+08	
5000.000000	8.78681e+10	5000.000000	6.74644e+10	5000.000000	6.97181e+10	5000.000000	6.99204e+10	5000.000000	6.97426e+10	5000.000000	1.18026e+08	5000.000000	1.17575e+08	5000.000000	2.7829e+08	5000.000000	3.02262e+08	5000.000000	4.10066e+08	
5250.000000	9.17503e+10	5250.000000	7.06828e+10	5250.000000	7.33582e+10	5250.000000	7.35706e+10	5250.000000	7.33839e+10	5250.000000	1.20673e+08	5250.000000	1.23286e+08	5250.000000	2.87124e+08	5250.000000	3.1289e+08	5250.000000	4.24986e+08	
5500.000000	9.55359e+10	5500.000000	7.38508e+10	5500.000000	7.69823e+10	5500.000000	7.72046e+10	5500.000000	7.70091e+10	5500.000000	1.23163e+08	5500.000000	1.28916e+08	5500.000000	2.95594e+08	5500.000000	3.23113e+08	5500.000000	4.39354e+08	
6000.000000	1.02828e+11	6000.000000	8.00401e+10	6000.000000	8.41835e+10	6000.000000	8.44253e+10	6000.000000	8.42124e+10	6000.000000	1.27718e+08	6000.000000	1.39939e+08	6000.000000	3.1153e+08	6000.000000	3.42429e+08	6000.000000	4.66545e+08	
6500.000000	1.09766e+11	6500.000000	8.60406e+10	6500.000000	9.13245e+10	6500.000000	9.15855e+10	6500.000000	9.13556e+10	6500.000000	1.3178e+08	6500.000000	1.50648e+08	6500.000000	3.26256e+08	6500.000000	3.60369e+08	6500.000000	4.91847e+08	
7000.000000	1.16371e+11	7000.000000	9.18611e+10	7000.000000	9.84083e+10	7000.000000	9.86881e+10	7000.000000	9.84415e+10	7000.000000	1.3542e+08	7000.000000	1.61052e+08	7000.000000	3.39908e+08	7000.000000	3.77073e+08	7000.000000	5.15446e+08	
7500.000000	1.22664e+11	7500.000000	9.75103e+10	7500.000000	1.05438e+11	7500.000000	1.05736e+11	7500.000000	1.05473e+11	7500.000000	1.38697e+08	7500.000000	1.71158e+08	7500.000000	3.52602e+08	7500.000000	3.92663e+08	7500.000000	5.37505e+08	
8000.000000	1.28666e+11	8000.000000	1.02997e+11	8000.000000	1.12416e+11	8000.000000	1.12733e+11	8000.000000	1.12454e+11	8000.000000	1.41661e+08	8000.000000	1.80976e+08	8000.000000	3.6444e+08	8000.000000	4.07246e+08	8000.000000	5.58169e+08	
8500.000000	1.34394e+11	8500.000000	1.08329e+11	8500.000000	1.19345e+11	8500.000000	1.1968e+11	8500.000000	1.19385e+11	8500.000000	1.44351e+08	8500.000000	1.90519e+08	8500.000000	3.75507e+08	8500.000000	4.20918e+08	8500.000000	5.77566e+08	
9000.000000	1.39866e+11	9000.000000	1.13514e+11	9000.000000	1.26229e+11	9000.000000	1.26581e+11	9000.000000	1.26271e+11	9000.000000	1.46801e+08	9000.000000	1.99799e+08	9000.000000	3.85879e+08	9000.000000	4.3376e+08	9000.000000	5.9581e+08	
9500.000000	1.45099e+11	9500.000000	1.18561e+11	9500.000000	1.33069e+11	9500.000000	1.33438e+11	9500.000000	1.33112e+11	9500.000000	1.49041e+08	9500.000000	2.08825e+08	9500.000000	3.95621e+08	9500.000000	4.45849e+08	9500.000000	6.13002e+08	
10000.000000	1.50107e+11	10000.000000	1.23474e+11	10000.000000	1.39867e+11	10000.000000	1.40253e+11	10000.000000	1.39912e+11	10000.000000	1.51095e+08	10000.000000	2.17611e+08	10000.000000	4.04792e+08	10000.000000	4.57249e+08	10000.000000	6.29231e+08	
11000.000000	1.59504e+11	11000.000000	1.32931e+11	11000.000000	1.53346e+11	11000.000000	1.53765e+11	11000.000000	1.53395e+11	11000.000000	1.54726e+08	11000.000000	2.34498e+08	11000.000000	4.21613e+08	11000.000000	4.78206e+08	11000.000000	6.59113e+08	
12000.000000	1.68158e+11	12000.000000	1.41932e+11	12000.000000	1.6668e+11	12000.000000	1.67132e+11	12000.000000	1.66733e+11	12000.000000	1.57827e+08	12000.000000	2.50523e+08	12000.000000	4.36682e+08	12000.000000	4.97027e+08	12000.000000	6.85999e+08	
13000.000000	1.76153e+11	13000.000000	1.50518e+11	13000.000000	1.79883e+11	13000.000000	1.80366e+11	13000.000000	1.79939e+11	13000.000000	1.60501e+08	13000.000000	2.65754e+08	13000.000000	4.50269e+08	13000.000000	5.14028e+08	13000.000000	7.10326e+08	
14000.000000	1.83561e+11	14000.000000	1.58726e+11	14000.000000	1.92965e+11	14000.000000	1.93478e+11	14000.000000	1.93024e+11	14000.000000	1.62825e+08	14000.000000	2.80268e+08	14000.000000	4.62588e+08	14000.000000	5.29464e+08	14000.000000	7.32452e+08	
15000.000000	1.90446e+11	15000.000000	1.66589e+11	15000.000000	2.05935e+11	15000.000000	2.06477e+11	15000.000000	2.05998e+11	15000.000000	1.6486e+08	15000.000000	2.94133e+08	15000.000000	4.73815e+08	15000.000000	5.43547e+08	15000.000000	7.5267e+08	
16000.000000	1.9686e+11	16000.000000	1.74133e+11	16000.000000	2.18802e+11	16000.000000	2.19372e+11	16000.000000	2.18867e+11	16000.000000	1.66653e+08	16000.000000	3.074e+08 	16000.000000	4.84093e+08	16000.000000	5.56451e+08	16000.000000	7.71223e+08	
17000.000000	2.02852e+11	17000.000000	1.81385e+11	17000.000000	2.31572e+11	17000.000000	2.3217e+11	17000.000000	2.3164e+11	17000.000000	1.68243e+08	17000.000000	3.2011e+08	17000.000000	4.93541e+08	17000.000000	5.68319e+08	17000.000000	7.88313e+08	
18000.000000	2.08462e+11	18000.000000	1.88367e+11	18000.000000	2.44252e+11	18000.000000	2.44877e+11	18000.000000	2.44323e+11	18000.000000	1.6966e+08	18000.000000	3.32296e+08	18000.000000	5.02259e+08	18000.000000	5.79273e+08	18000.000000	8.0411e+08	
19000.000000	2.13725e+11	19000.000000	1.95097e+11	19000.000000	2.56847e+11	19000.000000	2.57499e+11	19000.000000	2.56921e+11	19000.000000	1.70929e+08	19000.000000	3.43991e+08	19000.000000	5.10331e+08	19000.000000	5.89418e+08	19000.000000	8.18764e+08	
20000.000000	2.18674e+11	20000.000000	2.01595e+11	20000.000000	2.69363e+11	20000.000000	2.7004e+11	20000.000000	2.6944e+11	20000.000000	1.72071e+08	20000.000000	3.55227e+08	20000.000000	5.1783e+08	20000.000000	5.98843e+08	20000.000000	8.32397e+08	
21000.000000	2.23334e+11	21000.000000	2.07876e+11	21000.000000	2.81804e+11	21000.000000	2.82507e+11	21000.000000	2.81884e+11	21000.000000	1.73103e+08	21000.000000	3.66032e+08	21000.000000	5.24813e+08	21000.000000	6.0762e+08	21000.000000	8.45111e+08	
22000.000000	2.27731e+11	22000.000000	2.13954e+11	22000.000000	2.94174e+11	22000.000000	2.94902e+11	22000.000000	2.94258e+11	22000.000000	1.74038e+08	22000.000000	3.76446e+08	22000.000000	5.31337e+08	22000.000000	6.15819e+08	22000.000000	8.57007e+08	
23000.000000	2.31887e+11	23000.000000	2.19843e+11	23000.000000	3.06477e+11	23000.000000	3.07229e+11	23000.000000	3.06564e+11	23000.000000	1.74889e+08	23000.000000	3.86498e+08	23000.000000	5.37444e+08	23000.000000	6.23492e+08	23000.000000	8.68157e+08	
24000.000000	2.35821e+11	24000.000000	2.25553e+11	24000.000000	3.18717e+11	24000.000000	3.19492e+11	24000.000000	3.18807e+11	24000.000000	1.75667e+08	24000.000000	3.96204e+08	24000.000000	5.43175e+08	24000.000000	6.30692e+08	24000.000000	8.78635e+08	
25000.000000	2.3955e+11	25000.000000	2.31096e+11	25000.000000	3.30897e+11	25000.000000	3.31695e+11	25000.000000	3.3099e+11	25000.000000	1.76378e+08	25000.000000	4.05585e+08	25000.000000	5.48565e+08	25000.000000	6.37461e+08	25000.000000	8.88501e+08	
26000.000000	2.4309e+11	26000.000000	2.36482e+11	26000.000000	3.43018e+11	26000.000000	3.43839e+11	26000.000000	3.43115e+11	26000.000000	1.77032e+08	26000.000000	4.14661e+08	26000.000000	5.53643e+08	26000.000000	6.43836e+08	26000.000000	8.97809e+08	
27000.000000	2.46455e+11	27000.000000	2.41719e+11	27000.000000	3.55085e+11	27000.000000	3.55927e+11	27000.000000	3.55185e+11	27000.000000	1.77634e+08	27000.000000	4.2345e+08	27000.000000	5.58437e+08	27000.000000	6.49852e+08	27000.000000	9.06606e+08	
28000.000000	2.49657e+11	28000.000000	2.46816e+11	28000.000000	3.671e+11 	28000.000000	3.67963e+11	28000.000000	3.67202e+11	28000.000000	1.7819e+08	28000.000000	4.3197e+08	28000.000000	5.6297e+08	28000.000000	6.55539e+08	28000.000000	9.14937e+08	
29000.000000	2.52708e+11	29000.000000	2.5178e+11	29000.000000	3.79064e+11	29000.000000	3.79947e+11	29000.000000	3.79169e+11	29000.000000	1.78704e+08	29000.000000	4.40236e+08	29000.000000	5.67263e+08	29000.000000	6.60922e+08	29000.000000	9.22835e+08	
30000.000000	2.55618e+11	30000.000000	2.56618e+11	30000.000000	3.9098e+11	30000.000000	3.91883e+11	30000.000000	3.91088e+11	30000.000000	1.79181e+08	30000.000000	4.48264e+08	30000.000000	5.71336e+08	30000.000000	6.66028e+08	30000.000000	9.3034e+08	
32000.000000	2.61053e+11	32000.000000	2.65942e+11	32000.000000	4.14675e+11	32000.000000	4.15615e+11	32000.000000	4.14789e+11	32000.000000	1.80037e+08	32000.000000	4.63655e+08	32000.000000	5.78883e+08	32000.000000	6.75482e+08	32000.000000	9.44274e+08	
34000.000000	2.66027e+11	34000.000000	2.74833e+11	34000.000000	4.38199e+11	34000.000000	4.39173e+11	34000.000000	4.38318e+11	34000.000000	1.80782e+08	34000.000000	4.78222e+08	34000.000000	5.85727e+08	34000.000000	6.84049e+08	34000.000000	9.56946e+08	
36000.000000	2.70597e+11	36000.000000	2.8333e+11	36000.000000	4.61563e+11	36000.000000	4.6257e+11	36000.000000	4.61688e+11	36000.000000	1.81434e+08	36000.000000	4.9204e+08	36000.000000	5.91963e+08	36000.000000	6.91848e+08	36000.000000	9.68527e+08	
38000.000000	2.74809e+11	38000.000000	2.91469e+11	38000.000000	4.84779e+11	38000.000000	4.85815e+11	38000.000000	4.84909e+11	38000.000000	1.8201e+08	38000.000000	5.05174e+08	38000.000000	5.97668e+08	38000.000000	6.98977e+08	38000.000000	9.79156e+08	
40000.000000	2.78702e+11	40000.000000	2.99278e+11	40000.000000	5.07855e+11	40000.000000	5.08919e+11	40000.000000	5.07991e+11	40000.000000	1.8252e+08	40000.000000	5.17685e+08	40000.000000	6.02905e+08	40000.000000	7.05517e+08	40000.000000	9.88946e+08	
42000.000000	2.82312e+11	42000.000000	3.06784e+11	42000.000000	5.30801e+11	42000.000000	5.31889e+11	42000.000000	5.30942e+11	42000.000000	1.82975e+08	42000.000000	5.29626e+08	42000.000000	6.07731e+08	42000.000000	7.11539e+08	42000.000000	9.98e+08  	
44000.000000	2.85666e+11	44000.000000	3.14011e+11	44000.000000	5.53624e+11	44000.000000	5.54734e+11	44000.000000	5.53771e+11	44000.000000	1.83382e+08	44000.000000	5.41041e+08	44000.000000	6.12189e+08	44000.000000	7.17099e+08	44000.000000	1.0064e+09	
46000.000000	2.88791e+11	46000.000000	3.20978e+11	46000.000000	5.7633e+11	46000.000000	5.7746e+11	46000.000000	5.76483e+11	46000.000000	1.83749e+08	46000.000000	5.5197e+08	46000.000000	6.16319e+08	46000.000000	7.22247e+08	46000.000000	1.01421e+09	
48000.000000	2.91708e+11	48000.000000	3.27705e+11	48000.000000	5.98927e+11	48000.000000	6.00074e+11	48000.000000	5.99085e+11	48000.000000	1.8408e+08	48000.000000	5.62451e+08	48000.000000	6.20156e+08	48000.000000	7.27027e+08	48000.000000	1.02149e+09	
50000.000000	2.94438e+11	50000.000000	3.34208e+11	50000.000000	6.21418e+11	50000.000000	6.2258e+11	50000.000000	6.21584e+11	50000.000000	1.8438e+08	50000.000000	5.72515e+08	50000.000000	6.23727e+08	50000.000000	7.31473e+08	50000.000000	1.0283e+09	
