! 12Li range in H180C10F40
! apply ZOOM for details
Energy (MeV/u)1	0 - [He-base] F.Hubert et al, AD&ND Tables 46(1990)1	Energy (MeV/u)2	1 - [H -base] J.F.Ziegler et al,Pergamon Press,NY(low energy)	Energy (MeV/u)3	2 - ATIMA 1.2 LS-theory (recommended for high energy)	Energy (MeV/u)4	3 - ATIMA 1.2 without LS-correction	Energy (MeV/u)5	4 - ATIMA 1.4 H.Weick, improved mean charge formula for HI	Energy (MeV/u)6	5 - Range straggling - method [0] - LISE	Energy (MeV/u)7	6 - Range straggling - method [1] - Atima	Energy (MeV/u)8	7 - Lateral range - method [0] - LISE	Energy (MeV/u)9	8 - Lateral range - method [1] - Atima	Energy (MeV/u)10	9 - Lateral range - method [2] - PDG	
0.001000	560.266   	0.001000	560.266   	0.001000	438.585   	0.001000	438.585   	0.001000	438.717   	0.001000	0         	0.001000	0         	0.001000	8.34957   	0.001000	16.5723   	0.001000	8.94182   	
0.002000	1120.53   	0.002000	1120.53   	0.002000	877.17    	0.002000	877.17    	0.002000	877.434   	0.002000	28.4928   	0.002000	28.4928   	0.002000	24.4532   	0.002000	46.9019   	0.002000	27.2992   	
0.005000	2596.6    	0.005000	2596.6    	0.005000	1996.05   	0.005000	1996.05   	0.005000	1996.45   	0.005000	33.9242   	0.005000	33.9242   	0.005000	86.6725   	0.005000	160.644   	0.005000	100.406   	
0.008000	3798.59   	0.008000	3798.59   	0.008000	2908.22   	0.008000	2908.22   	0.008000	2908.67   	0.008000	34.1069   	0.008000	34.1069   	0.008000	154.567   	0.008000	282.349   	0.008000	181.705   	
0.010000	4496.73   	0.010000	4496.73   	0.010000	3443.16   	0.010000	3443.16   	0.010000	3443.63   	0.010000	34.7006   	0.010000	34.7006   	0.010000	198.521   	0.010000	358.863   	0.010000	237.065   	
0.015000	6001.41   	0.015000	6001.41   	0.015000	4619.69   	0.015000	4619.69   	0.015000	4620.19   	0.015000	37.5215   	0.015000	37.5215   	0.015000	297.222   	0.015000	519.771   	0.015000	366.179   	
0.020000	7267.83   	0.020000	7267.83   	0.020000	5655.1    	0.020000	5655.1    	0.020000	5655.62   	0.020000	41.1983   	0.020000	41.1983   	0.020000	389.234   	0.020000	659.296   	0.020000	451.949   	
0.025000	8350.5    	0.025000	8350.5    	0.025000	6587.82   	0.025000	6587.82   	0.025000	6588.34   	0.025000	44.9072   	0.025000	44.9072   	0.025000	468.533   	0.025000	772.953   	0.025000	514.504   	
0.030000	9297.8    	0.030000	9297.8    	0.030000	7438.71   	0.030000	7438.71   	0.030000	7439.24   	0.030000	48.3359   	0.030000	48.3359   	0.030000	527.941   	0.030000	857.116   	0.030000	563.254   	
0.035000	10151.4   	0.035000	10151.4   	0.035000	8224.12   	0.035000	8224.12   	0.035000	8224.66   	0.035000	51.4262   	0.035000	51.4262   	0.035000	574.867   	0.035000	923.489   	0.035000	602.906   	
0.040000	10936.8   	0.040000	10936.8   	0.040000	8956.54   	0.040000	8956.54   	0.040000	8957.08   	0.040000	54.2018   	0.040000	54.2018   	0.040000	613.583   	0.040000	978.304   	0.040000	636.27    	
0.045000	11669.2   	0.045000	11669.2   	0.045000	9645.28   	0.045000	9645.28   	0.045000	9645.82   	0.045000	56.704    	0.045000	56.704    	0.045000	646.724   	0.045000	1025.15   	0.045000	664.955   	
0.050000	12358.6   	0.050000	12358.6   	0.050000	10297.5   	0.050000	10297.5   	0.050000	10298.1   	0.050000	58.9746   	0.050000	58.8869   	0.050000	675.178   	0.050000	1065.49   	0.050000	690.166   	
0.055000	13011.8   	0.055000	13011.8   	0.055000	10918.9   	0.055000	10918.9   	0.055000	10919.5   	0.055000	61.0508   	0.055000	60.8153   	0.055000	700.294   	0.055000	1101.1    	0.055000	712.372   	
0.060000	13633.8   	0.060000	13633.8   	0.060000	11514     	0.060000	11514     	0.060000	11514.5   	0.060000	62.9639   	0.060000	62.5773   	0.060000	722.84    	0.060000	1132.96   	0.060000	732.482   	
0.070000	14801.2   	0.070000	14801.2   	0.070000	12639.5   	0.070000	12639.5   	0.070000	12640     	0.070000	66.4009   	0.070000	65.7199   	0.070000	761.921   	0.070000	1188.06   	0.070000	767.771   	
0.080000	15887.2   	0.080000	15887.2   	0.080000	13696.7   	0.080000	13696.7   	0.080000	13697.2   	0.080000	69.4443   	0.080000	68.491    	0.080000	795.291   	0.080000	1234.73   	0.080000	798.372   	
0.090000	16911     	0.090000	16911     	0.090000	14701.8   	0.090000	14701.8   	0.090000	14702.3   	0.090000	72.2036   	0.090000	71.001    	0.090000	824.211   	0.090000	1274.94   	0.090000	825.013   	
0.100000	17886.7   	0.100000	17886.7   	0.100000	15666.8   	0.100000	15666.8   	0.100000	15667.3   	0.100000	74.7554   	0.100000	73.3019   	0.100000	850.4     	0.100000	1310.94   	0.100000	849.431   	
0.120000	19723.6   	0.120000	19723.6   	0.120000	17510     	0.120000	17510     	0.120000	17510.5   	0.120000	79.4427   	0.120000	77.4722   	0.120000	895.694   	0.120000	1372.45   	0.120000	892.72    	
0.140000	21450     	0.140000	21450     	0.140000	19276.9   	0.140000	19276.9   	0.140000	19277.4   	0.140000	83.7985   	0.140000	81.2956   	0.140000	935.432   	0.140000	1425.15   	0.140000	931.307   	
0.160000	23105.9   	0.160000	23105.9   	0.160000	20999.2   	0.160000	20999.2   	0.160000	20999.7   	0.160000	87.9936   	0.160000	84.9406   	0.160000	971.463   	0.160000	1471.92   	0.160000	966.735   	
0.180000	24720.2   	0.180000	24720.2   	0.180000	22698.2   	0.180000	22698.2   	0.180000	22698.7   	0.180000	92.135    	0.180000	88.5099   	0.180000	1004.78   	0.180000	1514.22   	0.180000	1000.38   	
0.200000	26310.7   	0.200000	26310.7   	0.200000	24388.4   	0.200000	24388.4   	0.200000	24388.9   	0.200000	96.2938   	0.200000	92.0697   	0.200000	1036.49   	0.200000	1553.68   	0.200000	1032.6    	
0.250000	30258.5   	0.250000	30258.5   	0.250000	28637     	0.250000	28637     	0.250000	28637.5   	0.250000	107.054   	0.250000	101.19    	0.250000	1111.14   	0.250000	1643.67   	0.250000	1110.38   	
0.300000	34194.9   	0.300000	34194.9   	0.300000	32978.8   	0.300000	32978.8   	0.300000	32979.4   	0.300000	118.573   	0.300000	110.843   	0.300000	1182.5    	0.300000	1727.83   	0.300000	1186.46   	
0.350000	38174.6   	0.350000	38174.6   	0.350000	37436.8   	0.350000	37436.8   	0.350000	37437.3   	0.350000	130.85    	0.350000	121.046   	0.350000	1251.66   	0.350000	1808.97   	0.350000	1261.51   	
0.400000	42244.3   	0.400000	42244.3   	0.400000	42045.8   	0.400000	42045.8   	0.400000	42046.4   	0.400000	144.051   	0.400000	131.932   	0.400000	1318.06   	0.400000	1889.15   	0.400000	1337.23   	
0.450000	46438.9   	0.450000	46438.9   	0.450000	46831.8   	0.450000	46831.8   	0.450000	46832.3   	0.450000	158.306   	0.450000	143.601   	0.450000	1379.35   	0.450000	1969.56   	0.450000	1414      	
0.500000	50776.8   	0.500000	50776.8   	0.500000	51806.6   	0.500000	51806.6   	0.500000	51807.1   	0.500000	173.652   	0.500000	156.071   	0.500000	1441.04   	0.500000	2050.51   	0.500000	1492.6    	
0.600000	59890.9   	0.600000	59890.9   	0.600000	62331.3   	0.600000	62331.3   	0.600000	62331.8   	0.600000	207.482   	0.600000	183.543   	0.600000	1566.65   	0.600000	2215.1    	0.600000	1638.06   	
0.700000	69677.9   	0.700000	69677.9   	0.700000	73616.9   	0.700000	73616.9   	0.700000	73617.4   	0.700000	245.202   	0.700000	215.289   	0.700000	1695.79   	0.700000	2383.7    	0.700000	1714.97   	
0.800000	80104.8   	0.800000	80104.8   	0.800000	85645.9   	0.800000	85645.9   	0.800000	85646.4   	0.800000	286.466   	0.800000	250.549   	0.800000	1829.93   	0.800000	2557.41   	0.800000	1798.66   	
0.900000	91114.8   	0.900000	91114.8   	0.900000	98398.9   	0.900000	98398.9   	0.900000	98399.4   	0.900000	330.997   	0.900000	288.619   	0.900000	1965.53   	0.900000	2735.53   	0.900000	1887.41   	
1.000000	102785    	1.000000	102785    	1.000000	111875    	1.000000	111875    	1.000000	111876    	1.000000	378.763   	1.000000	329.184   	1.000000	2102.32   	1.000000	2918.92   	1.000000	1981.92   	
1.250000	135047    	1.250000	135047    	1.250000	148708    	1.250000	148708    	1.250000	148708    	1.250000	512.016   	1.250000	440.217   	1.250000	2361.57   	1.250000	3239.16   	1.250000	2240.92   	
1.500000	172545    	1.500000	172545    	1.500000	189835    	1.500000	189835    	1.500000	189835    	1.500000	663.28    	1.500000	562.528   	1.500000	2650.56   	1.500000	3582.66   	1.500000	2530.45   	
1.750000	215647    	1.750000	215647    	1.750000	235152    	1.750000	235152    	1.750000	235152    	1.750000	832.042   	1.750000	695.094   	1.750000	2969.39   	1.750000	3961.63   	1.750000	2849.37   	
2.000000	263908    	2.000000	263908    	2.000000	284624    	2.000000	284624    	2.000000	284624    	2.000000	1018.46   	2.000000	837.728   	2.000000	3317.37   	2.000000	4374.17   	2.000000	3197.26   	
2.250000	317026    	2.250000	317026    	2.250000	338256    	2.250000	338256    	2.250000	338257    	2.250000	1223.05   	2.250000	990.61    	2.250000	3694.34   	2.250000	4819.34   	2.250000	3574.17   	
2.500000	374879    	2.500000	374800    	2.500000	396067    	2.500000	396067    	2.500000	396067    	2.500000	1446.3    	2.500000	1153.97   	2.500000	4100.36   	2.500000	5296.62   	2.500000	3980.25   	
3.000000	508615    	3.000000	503718    	3.000000	524269    	3.000000	524269    	3.000000	524269    	3.000000	1950.24   	3.000000	1512.74   	3.000000	4999.76   	3.000000	6346.12   	3.000000	4880.55   	
3.500000	659894    	3.500000	649849    	3.500000	669266    	3.500000	669266    	3.500000	669267    	3.500000	2532.22   	3.500000	1914.77   	3.500000	6015.72   	3.500000	7520.14   	3.500000	5898.8    	
4.000000	828400    	4.000000	812736    	4.000000	831013    	4.000000	831013    	4.000000	831014    	4.000000	3192.96   	4.000000	2359.92   	4.000000	7148.12   	4.000000	8816.56   	4.000000	7035.18   	
4.500000	1.01385e+06	4.500000	992070    	4.500000	1.0094e+06	4.500000	1.0094e+06	4.500000	1.0094e+06	4.500000	3932.43   	4.500000	2847.43   	4.500000	8396.39   	4.500000	10233.2   	4.500000	8289.34   	
5.000000	1.216e+06 	5.000000	1.18761e+06	5.000000	1.20429e+06	5.000000	1.20429e+06	5.000000	1.20429e+06	5.000000	4750.17   	5.000000	3376.4    	5.000000	9759.76   	5.000000	11767.9   	5.000000	9660.64   	
5.500000	1.43462e+06	5.500000	1.39912e+06	5.500000	1.41552e+06	5.500000	1.41552e+06	5.500000	1.41552e+06	5.500000	5645.47   	5.500000	3945.97   	5.500000	11237.1   	5.500000	13418.4   	5.500000	11148     	
6.000000	1.6695e+06	6.000000	1.62638e+06	6.000000	1.64292e+06	6.000000	1.64292e+06	6.000000	1.64292e+06	6.000000	6617.56   	6.000000	4555.32   	6.000000	12827.5   	6.000000	15182.9   	6.000000	12750.8   	
6.500000	1.92045e+06	6.500000	1.86921e+06	6.500000	1.88632e+06	6.500000	1.88632e+06	6.500000	1.88632e+06	6.500000	7665.64   	6.500000	5203.59   	6.500000	14529.9   	6.500000	17059.1   	6.500000	14467.6   	
7.000000	2.18729e+06	7.000000	2.12743e+06	7.000000	2.14556e+06	7.000000	2.14556e+06	7.000000	2.14556e+06	7.000000	8788.96   	7.000000	5890.08   	7.000000	16343.2   	7.000000	19045.5   	7.000000	16297.8   	
7.500000	2.46986e+06	7.500000	2.40088e+06	7.500000	2.42049e+06	7.500000	2.42049e+06	7.500000	2.42049e+06	7.500000	9986.81   	7.500000	6614.12   	7.500000	18266.4   	7.500000	21140.3   	7.500000	18240.3   	
8.000000	2.768e+06 	8.000000	2.68939e+06	8.000000	2.71096e+06	8.000000	2.71096e+06	8.000000	2.71095e+06	8.000000	11258.5   	8.000000	7375.06   	8.000000	20298.6   	8.000000	23342     	8.000000	20294.3   	
8.500000	3.08157e+06	8.500000	2.99284e+06	8.500000	3.01682e+06	8.500000	3.01682e+06	8.500000	3.01682e+06	8.500000	12603.5   	8.500000	8172.18   	8.500000	22439     	8.500000	25649.2   	8.500000	22458.8   	
9.000000	3.41043e+06	9.000000	3.31108e+06	9.000000	3.33797e+06	9.000000	3.33797e+06	9.000000	3.33797e+06	9.000000	14021.3   	9.000000	9004.86   	9.000000	24686.8   	9.000000	28060.5   	9.000000	24733.1   	
9.500000	3.75444e+06	9.500000	3.64399e+06	9.500000	3.67427e+06	9.500000	3.67427e+06	9.500000	3.67427e+06	9.500000	15511.2   	9.500000	9872.71   	9.500000	27041.2   	9.500000	30574.7   	9.500000	27116.5   	
10.000000	4.11349e+06	10.000000	3.99152e+06	10.000000	4.02561e+06	10.000000	4.02561e+06	10.000000	4.02561e+06	10.000000	17073.1   	10.000000	10775.5   	10.000000	29501.4   	10.000000	33190.8   	10.000000	29608.4   	
11.000000	4.87622e+06	11.000000	4.73483e+06	11.000000	4.77345e+06	11.000000	4.77339e+06	11.000000	4.77346e+06	11.000000	20416.4   	11.000000	12688.4   	11.000000	34740.9   	11.000000	38728.1   	11.000000	34918.8   	
12.000000	5.69772e+06	12.000000	5.5365e+06	12.000000	5.58115e+06	12.000000	5.58092e+06	12.000000	5.5812e+06	12.000000	24053     	12.000000	14743.6   	12.000000	40404.6   	12.000000	44668.9   	12.000000	40663.8   	
13.000000	6.57717e+06	13.000000	6.39579e+06	13.000000	6.44797e+06	13.000000	6.44746e+06	13.000000	6.44807e+06	13.000000	27978.5   	13.000000	16937.1   	13.000000	46488.1   	13.000000	51006.3   	13.000000	46839.2   	
14.000000	7.51381e+06	14.000000	7.31202e+06	14.000000	7.37318e+06	14.000000	7.37233e+06	14.000000	7.37338e+06	14.000000	32189.4   	14.000000	19265.3   	14.000000	52987     	14.000000	57733.9   	14.000000	53441     	
15.000000	8.50691e+06	15.000000	8.28456e+06	15.000000	8.35613e+06	15.000000	8.35486e+06	15.000000	8.35647e+06	15.000000	36681.9   	15.000000	21726.6   	15.000000	59897.5   	15.000000	64845.8   	15.000000	60465.3   	
16.000000	9.55581e+06	16.000000	9.3128e+06	16.000000	9.39615e+06	16.000000	9.39443e+06	16.000000	9.39668e+06	16.000000	41452.6   	16.000000	24319     	16.000000	67215.3   	16.000000	72336.2   	16.000000	67908.1   	
17.000000	1.06599e+07	17.000000	1.03962e+07	17.000000	1.04926e+07	17.000000	1.04904e+07	17.000000	1.04934e+07	17.000000	46498.1   	17.000000	27038.8   	17.000000	74936.6   	17.000000	80199.8   	17.000000	75765.8   	
18.000000	1.18185e+07	18.000000	1.15341e+07	18.000000	1.16449e+07	18.000000	1.16422e+07	18.000000	1.1646e+07	18.000000	51814.7   	18.000000	29883.4   	18.000000	83057.2   	18.000000	88431     	18.000000	84034.3   	
19.000000	1.30311e+07	19.000000	1.27262e+07	19.000000	1.28525e+07	19.000000	1.28492e+07	19.000000	1.28539e+07	19.000000	57398.7   	19.000000	32850.6   	19.000000	91572.8   	19.000000	97024.5   	19.000000	92709.6   	
20.000000	1.42972e+07	20.000000	1.39718e+07	20.000000	1.41146e+07	20.000000	1.41108e+07	20.000000	1.41164e+07	20.000000	63246.4   	20.000000	35938.1   	20.000000	100479    	20.000000	105975    	20.000000	101788    	
21.000000	1.56162e+07	21.000000	1.52705e+07	21.000000	1.54307e+07	21.000000	1.54264e+07	21.000000	1.5433e+07	21.000000	69353.8   	21.000000	39143.7   	21.000000	109772    	21.000000	115277    	21.000000	111264    	
22.000000	1.69875e+07	22.000000	1.66219e+07	22.000000	1.68003e+07	22.000000	1.67953e+07	22.000000	1.68029e+07	22.000000	75716.7   	22.000000	42464.8   	22.000000	119447    	22.000000	124925    	22.000000	121134    	
23.000000	1.84109e+07	23.000000	1.80255e+07	23.000000	1.82225e+07	23.000000	1.8217e+07	23.000000	1.82257e+07	23.000000	82330.9   	23.000000	45899     	23.000000	129499    	23.000000	134915    	23.000000	131395    	
24.000000	1.98857e+07	24.000000	1.9481e+07	24.000000	1.96968e+07	24.000000	1.96909e+07	24.000000	1.97006e+07	24.000000	89191.8   	24.000000	49443.9   	24.000000	139923    	24.000000	145240    	24.000000	142040    	
25.000000	2.14115e+07	25.000000	2.09878e+07	25.000000	2.12226e+07	25.000000	2.12162e+07	25.000000	2.12271e+07	25.000000	96294.9   	25.000000	53096.9   	25.000000	150715    	25.000000	155895    	25.000000	153065    	
27.000000	2.46146e+07	27.000000	2.4154e+07	27.000000	2.44259e+07	27.000000	2.44189e+07	27.000000	2.44319e+07	27.000000	111208    	27.000000	60717.5   	27.000000	173380    	27.000000	178174    	27.000000	176235    	
29.000000	2.80168e+07	29.000000	2.75212e+07	29.000000	2.78272e+07	29.000000	2.78197e+07	29.000000	2.78348e+07	29.000000	127030    	29.000000	68738.6   	29.000000	197452    	29.000000	201708    	29.000000	200865    	
31.000000	3.16151e+07	31.000000	3.10866e+07	31.000000	3.14215e+07	31.000000	3.1414e+07	31.000000	3.14309e+07	31.000000	143727    	31.000000	77137.4   	31.000000	222891    	31.000000	226454    	31.000000	226915    	
33.000000	3.54065e+07	33.000000	3.48474e+07	33.000000	3.52084e+07	33.000000	3.52012e+07	33.000000	3.52197e+07	33.000000	161318    	33.000000	85929     	33.000000	249693    	33.000000	252406    	33.000000	254384    	
35.000000	3.93882e+07	35.000000	3.8801e+07	35.000000	3.91858e+07	35.000000	3.91792e+07	35.000000	3.9199e+07	35.000000	179799    	35.000000	95109.8   	35.000000	277844    	35.000000	279547    	35.000000	283258    	
38.000000	4.57122e+07	38.000000	4.50876e+07	38.000000	4.55036e+07	38.000000	4.5499e+07	38.000000	4.55199e+07	38.000000	209163    	38.000000	109594    	38.000000	322556    	38.000000	322444    	38.000000	329166    	
41.000000	5.24503e+07	41.000000	5.17946e+07	41.000000	5.22365e+07	41.000000	5.22349e+07	41.000000	5.22562e+07	41.000000	240460    	41.000000	124924    	41.000000	370198    	41.000000	367907    	41.000000	378141    	
44.000000	5.95948e+07	44.000000	5.89144e+07	44.000000	5.93771e+07	44.000000	5.93798e+07	44.000000	5.94006e+07	44.000000	273651    	44.000000	141069    	44.000000	420713    	44.000000	415878    	44.000000	430132    	
47.000000	6.71383e+07	47.000000	6.644e+07 	47.000000	6.69185e+07	47.000000	6.69265e+07	47.000000	6.69461e+07	47.000000	308696    	47.000000	158013    	47.000000	474047    	47.000000	466304    	47.000000	485089    	
50.000000	7.5074e+07	50.000000	7.43644e+07	50.000000	7.48542e+07	50.000000	7.48687e+07	50.000000	7.48862e+07	50.000000	345559    	50.000000	175740    	50.000000	530149    	50.000000	519134    	50.000000	542968    	
55.000000	8.91539e+07	55.000000	8.84409e+07	55.000000	8.89408e+07	55.000000	8.89672e+07	55.000000	8.89796e+07	55.000000	410934    	55.000000	206980    	55.000000	629672    	55.000000	612401    	55.000000	645804    	
60.000000	1.04277e+08	60.000000	1.03579e+08	60.000000	1.04077e+08	60.000000	1.04119e+08	60.000000	1.04124e+08	60.000000	481091    	60.000000	240284    	60.000000	736529    	60.000000	712012    	60.000000	756439    	
65.000000	1.20416e+08	65.000000	1.19752e+08	65.000000	1.2024e+08	65.000000	1.20299e+08	65.000000	1.20295e+08	65.000000	555872    	65.000000	275556    	65.000000	850518    	65.000000	817779    	65.000000	874692    	
70.000000	1.37549e+08	70.000000	1.36935e+08	70.000000	1.37404e+08	70.000000	1.37483e+08	70.000000	1.37467e+08	70.000000	635128    	70.000000	312753    	70.000000	971444    	70.000000	929526    	70.000000	1.00039e+06	
75.000000	1.55651e+08	75.000000	1.55103e+08	75.000000	1.55545e+08	75.000000	1.55648e+08	75.000000	1.55619e+08	75.000000	718716    	75.000000	351805    	75.000000	1.09912e+06	75.000000	1.04709e+06	75.000000	1.13337e+06	
80.000000	1.74701e+08	80.000000	1.74235e+08	80.000000	1.74644e+08	80.000000	1.74773e+08	80.000000	1.74727e+08	80.000000	806499    	80.000000	392673    	80.000000	1.23338e+06	80.000000	1.17032e+06	80.000000	1.27348e+06	
85.000000	1.9468e+08	85.000000	1.94309e+08	85.000000	1.94679e+08	85.000000	1.94836e+08	85.000000	1.94773e+08	85.000000	898345    	85.000000	435276    	85.000000	1.37404e+06	85.000000	1.29906e+06	85.000000	1.42057e+06	
90.000000	2.15568e+08	90.000000	2.15303e+08	90.000000	2.15631e+08	90.000000	2.15819e+08	90.000000	2.15735e+08	90.000000	994127    	90.000000	479570    	90.000000	1.52095e+06	90.000000	1.43319e+06	90.000000	1.57449e+06	
95.000000	2.37348e+08	95.000000	2.37199e+08	95.000000	2.37481e+08	95.000000	2.37702e+08	95.000000	2.37596e+08	95.000000	1.09372e+06	95.000000	525512    	95.000000	1.67394e+06	95.000000	1.57257e+06	95.000000	1.73511e+06	
100.000000	2.60003e+08	100.000000	2.59977e+08	100.000000	2.60211e+08	100.000000	2.60467e+08	100.000000	2.60336e+08	100.000000	1.19702e+06	100.000000	573059    	100.000000	1.83287e+06	100.000000	1.71708e+06	100.000000	1.9023e+06	
105.000000	2.83516e+08	105.000000	2.83619e+08	105.000000	2.83803e+08	105.000000	2.84097e+08	105.000000	2.8394e+08	105.000000	1.30389e+06	105.000000	622171    	105.000000	1.9976e+06	105.000000	1.86659e+06	105.000000	2.07593e+06	
110.000000	3.07871e+08	110.000000	3.08107e+08	110.000000	3.0824e+08	110.000000	3.08575e+08	110.000000	3.08389e+08	110.000000	1.41424e+06	110.000000	672815    	110.000000	2.16798e+06	110.000000	2.02099e+06	110.000000	2.25587e+06	
115.000000	3.33055e+08	115.000000	3.33425e+08	115.000000	3.33506e+08	115.000000	3.33884e+08	115.000000	3.33667e+08	115.000000	1.52796e+06	115.000000	724936    	115.000000	2.34387e+06	115.000000	2.18017e+06	115.000000	2.44201e+06	
120.000000	3.59053e+08	120.000000	3.59556e+08	120.000000	3.59586e+08	120.000000	3.6001e+08	120.000000	3.59759e+08	120.000000	1.64495e+06	120.000000	778469    	120.000000	2.52514e+06	120.000000	2.34403e+06	120.000000	2.63422e+06	
125.000000	3.85851e+08	125.000000	3.86485e+08	125.000000	3.86463e+08	125.000000	3.86936e+08	125.000000	3.8665e+08	125.000000	1.7651e+06	125.000000	833421    	125.000000	2.71167e+06	125.000000	2.51246e+06	125.000000	2.8324e+06	
130.000000	4.13436e+08	130.000000	4.14196e+08	130.000000	4.14124e+08	130.000000	4.14647e+08	130.000000	4.14325e+08	130.000000	1.88832e+06	130.000000	889735    	130.000000	2.90333e+06	130.000000	2.68537e+06	130.000000	3.03643e+06	
135.000000	4.41796e+08	135.000000	4.42675e+08	135.000000	4.42556e+08	135.000000	4.43131e+08	135.000000	4.42769e+08	135.000000	2.01452e+06	135.000000	947355    	135.000000	3.1e+06   	135.000000	2.86266e+06	135.000000	3.24621e+06	
140.000000	4.70919e+08	140.000000	4.71907e+08	140.000000	4.71744e+08	140.000000	4.72372e+08	140.000000	4.71969e+08	140.000000	2.14362e+06	140.000000	1.00626e+06	140.000000	3.30157e+06	140.000000	3.04423e+06	140.000000	3.46163e+06	
145.000000	5.00793e+08	145.000000	5.01878e+08	145.000000	5.01672e+08	145.000000	5.02357e+08	145.000000	5.01911e+08	145.000000	2.27551e+06	145.000000	1.06642e+06	145.000000	3.50791e+06	145.000000	3.23e+06  	145.000000	3.68259e+06	
150.000000	5.31407e+08	150.000000	5.32576e+08	150.000000	5.32329e+08	150.000000	5.33073e+08	150.000000	5.32582e+08	150.000000	2.41012e+06	150.000000	1.12781e+06	150.000000	3.71892e+06	150.000000	3.41988e+06	150.000000	3.90899e+06	
155.000000	5.73475e+08	155.000000	5.63986e+08	155.000000	5.63703e+08	155.000000	5.64507e+08	155.000000	5.63969e+08	155.000000	2.54737e+06	155.000000	1.1904e+06	155.000000	3.93449e+06	155.000000	3.61379e+06	155.000000	4.14073e+06	
160.000000	6.16823e+08	160.000000	5.96097e+08	160.000000	5.95779e+08	160.000000	5.96647e+08	160.000000	5.9606e+08	160.000000	2.68717e+06	160.000000	1.25417e+06	160.000000	4.15452e+06	160.000000	3.81165e+06	160.000000	4.37772e+06	
165.000000	6.61068e+08	165.000000	6.28895e+08	165.000000	6.28547e+08	165.000000	6.29481e+08	165.000000	6.28843e+08	165.000000	2.82946e+06	165.000000	1.31909e+06	165.000000	4.3789e+06	165.000000	4.01337e+06	165.000000	4.61988e+06	
170.000000	7.06195e+08	170.000000	6.6237e+08	170.000000	6.61995e+08	170.000000	6.62997e+08	170.000000	6.62305e+08	170.000000	2.97415e+06	170.000000	1.38513e+06	170.000000	4.60754e+06	170.000000	4.21889e+06	170.000000	4.86709e+06	
175.000000	7.52189e+08	175.000000	6.96509e+08	175.000000	6.9611e+08	175.000000	6.97183e+08	175.000000	6.96437e+08	175.000000	3.12117e+06	175.000000	1.45228e+06	175.000000	4.84033e+06	175.000000	4.42811e+06	175.000000	5.11929e+06	
180.000000	7.99034e+08	180.000000	7.31301e+08	180.000000	7.30881e+08	180.000000	7.32028e+08	180.000000	7.31225e+08	180.000000	3.27046e+06	180.000000	1.52051e+06	180.000000	5.07719e+06	180.000000	4.64098e+06	180.000000	5.37638e+06	
185.000000	8.46718e+08	185.000000	7.66736e+08	185.000000	7.66299e+08	185.000000	7.67521e+08	185.000000	7.66659e+08	185.000000	3.42194e+06	185.000000	1.58981e+06	185.000000	5.31802e+06	185.000000	4.85742e+06	185.000000	5.63827e+06	
190.000000	8.95226e+08	190.000000	8.02801e+08	190.000000	8.02354e+08	190.000000	8.03652e+08	190.000000	8.02729e+08	190.000000	3.57555e+06	190.000000	1.6601e+06	190.000000	5.56272e+06	190.000000	5.07736e+06	190.000000	5.90489e+06	
195.000000	9.44545e+08	195.000000	8.39487e+08	195.000000	8.39035e+08	195.000000	8.40409e+08	195.000000	8.39424e+08	195.000000	3.73122e+06	195.000000	1.73137e+06	195.000000	5.81123e+06	195.000000	5.30074e+06	195.000000	6.17616e+06	
200.000000	9.94662e+08	200.000000	8.76784e+08	200.000000	8.76329e+08	200.000000	8.77784e+08	200.000000	8.76734e+08	200.000000	3.88889e+06	200.000000	1.80363e+06	200.000000	6.06344e+06	200.000000	5.52749e+06	200.000000	6.45199e+06	
210.000000	1.09724e+09	210.000000	9.53169e+08	210.000000	9.5272e+08	210.000000	9.54343e+08	210.000000	9.53159e+08	210.000000	4.21e+06  	210.000000	1.95103e+06	210.000000	6.57865e+06	210.000000	5.99083e+06	210.000000	7.01704e+06	
220.000000	1.20286e+09	220.000000	1.03188e+09	220.000000	1.03145e+09	220.000000	1.03325e+09	220.000000	1.03193e+09	220.000000	4.53841e+06	220.000000	2.10201e+06	220.000000	7.10772e+06	220.000000	6.46689e+06	220.000000	7.59944e+06	
230.000000	1.31143e+09	230.000000	1.11284e+09	230.000000	1.11245e+09	230.000000	1.11444e+09	230.000000	1.11296e+09	230.000000	4.87367e+06	230.000000	2.25644e+06	230.000000	7.65003e+06	230.000000	6.95521e+06	230.000000	8.19861e+06	
240.000000	1.42286e+09	240.000000	1.19599e+09	240.000000	1.19565e+09	240.000000	1.19783e+09	240.000000	1.1962e+09	240.000000	5.21537e+06	240.000000	2.41426e+06	240.000000	8.205e+06 	240.000000	7.45532e+06	240.000000	8.81399e+06	
250.000000	1.53708e+09	250.000000	1.28125e+09	250.000000	1.28098e+09	250.000000	1.28335e+09	250.000000	1.28156e+09	250.000000	5.56311e+06	250.000000	2.57539e+06	250.000000	8.77208e+06	250.000000	7.96681e+06	250.000000	9.44506e+06	
260.000000	1.65399e+09	260.000000	1.36856e+09	260.000000	1.36838e+09	260.000000	1.37095e+09	260.000000	1.369e+09 	260.000000	5.91652e+06	260.000000	2.73947e+06	260.000000	9.35072e+06	260.000000	8.48925e+06	260.000000	1.00913e+07	
270.000000	1.77352e+09	270.000000	1.45786e+09	270.000000	1.45777e+09	270.000000	1.46056e+09	270.000000	1.45843e+09	270.000000	6.27525e+06	270.000000	2.90649e+06	270.000000	9.94042e+06	270.000000	9.02225e+06	270.000000	1.07522e+07	
280.000000	1.8956e+09	280.000000	1.5491e+09	280.000000	1.54911e+09	280.000000	1.55212e+09	280.000000	1.54981e+09	280.000000	6.63896e+06	280.000000	3.0764e+06	280.000000	1.05407e+07	280.000000	9.56542e+06	280.000000	1.14273e+07	
290.000000	2.02016e+09	290.000000	1.64221e+09	290.000000	1.64233e+09	290.000000	1.64557e+09	290.000000	1.64307e+09	290.000000	7.00734e+06	290.000000	3.2491e+06	290.000000	1.11511e+07	290.000000	1.01184e+07	290.000000	1.21162e+07	
300.000000	2.14713e+09	300.000000	1.73714e+09	300.000000	1.73738e+09	300.000000	1.74086e+09	300.000000	1.73816e+09	300.000000	7.38007e+06	300.000000	3.42444e+06	300.000000	1.17711e+07	300.000000	1.06809e+07	300.000000	1.28183e+07	
310.000000	2.27644e+09	310.000000	1.83383e+09	310.000000	1.83422e+09	310.000000	1.83793e+09	310.000000	1.83504e+09	310.000000	7.75689e+06	310.000000	3.60222e+06	310.000000	1.24004e+07	310.000000	1.12525e+07	310.000000	1.35333e+07	
320.000000	2.40804e+09	320.000000	1.93225e+09	320.000000	1.93277e+09	320.000000	1.93673e+09	320.000000	1.93363e+09	320.000000	8.13751e+06	320.000000	3.78245e+06	320.000000	1.30385e+07	320.000000	1.18329e+07	320.000000	1.42607e+07	
330.000000	2.54186e+09	330.000000	2.03234e+09	330.000000	2.033e+09 	330.000000	2.03722e+09	330.000000	2.0339e+09	330.000000	8.52168e+06	330.000000	3.96508e+06	330.000000	1.3685e+07	330.000000	1.24218e+07	330.000000	1.50002e+07	
340.000000	2.67784e+09	340.000000	2.13405e+09	340.000000	2.13486e+09	340.000000	2.13933e+09	340.000000	2.1358e+09	340.000000	8.90915e+06	340.000000	4.14993e+06	340.000000	1.43396e+07	340.000000	1.30189e+07	340.000000	1.57514e+07	
350.000000	2.81593e+09	350.000000	2.23734e+09	350.000000	2.2383e+09	350.000000	2.24304e+09	350.000000	2.23929e+09	350.000000	9.29971e+06	350.000000	4.33685e+06	350.000000	1.50019e+07	350.000000	1.36239e+07	350.000000	1.65139e+07	
360.000000	2.95608e+09	360.000000	2.34217e+09	360.000000	2.34328e+09	360.000000	2.34828e+09	360.000000	2.34431e+09	360.000000	9.69311e+06	360.000000	4.52586e+06	360.000000	1.56715e+07	360.000000	1.42366e+07	360.000000	1.72873e+07	
370.000000	3.09823e+09	370.000000	2.4485e+09	370.000000	2.44975e+09	370.000000	2.45503e+09	370.000000	2.45082e+09	370.000000	1.00892e+07	370.000000	4.717e+06 	370.000000	1.63482e+07	370.000000	1.48566e+07	370.000000	1.80713e+07	
380.000000	3.24233e+09	380.000000	2.55628e+09	380.000000	2.55768e+09	380.000000	2.56324e+09	380.000000	2.55879e+09	380.000000	1.04877e+07	380.000000	4.91019e+06	380.000000	1.70316e+07	380.000000	1.54837e+07	380.000000	1.88655e+07	
390.000000	3.38834e+09	390.000000	2.66548e+09	390.000000	2.66702e+09	390.000000	2.67287e+09	390.000000	2.66818e+09	390.000000	1.08885e+07	390.000000	5.10525e+06	390.000000	1.77214e+07	390.000000	1.61178e+07	390.000000	1.96697e+07	
400.000000	3.5362e+09	400.000000	2.77606e+09	400.000000	2.77774e+09	400.000000	2.78388e+09	400.000000	2.77894e+09	400.000000	1.12914e+07	400.000000	5.30211e+06	400.000000	1.84173e+07	400.000000	1.67584e+07	400.000000	2.04835e+07	
410.000000	3.68588e+09	410.000000	2.88798e+09	410.000000	2.88979e+09	410.000000	2.89623e+09	410.000000	2.89104e+09	410.000000	1.16962e+07	410.000000	5.50075e+06	410.000000	1.91191e+07	410.000000	1.74055e+07	410.000000	2.13067e+07	
420.000000	3.83732e+09	420.000000	3.00121e+09	420.000000	3.00315e+09	420.000000	3.0099e+09	420.000000	3.00445e+09	420.000000	1.21028e+07	420.000000	5.70103e+06	420.000000	1.98264e+07	420.000000	1.80587e+07	420.000000	2.21388e+07	
430.000000	3.99049e+09	430.000000	3.11571e+09	430.000000	3.11777e+09	430.000000	3.12483e+09	430.000000	3.11912e+09	430.000000	1.2511e+07	430.000000	5.90282e+06	430.000000	2.05391e+07	430.000000	1.87179e+07	430.000000	2.29797e+07	
440.000000	4.14534e+09	440.000000	3.23146e+09	440.000000	3.23363e+09	440.000000	3.241e+09 	440.000000	3.23503e+09	440.000000	1.29206e+07	440.000000	6.10613e+06	440.000000	2.12568e+07	440.000000	1.93829e+07	440.000000	2.3829e+07	
450.000000	4.30183e+09	450.000000	3.34842e+09	450.000000	3.3507e+09	450.000000	3.35838e+09	450.000000	3.35214e+09	450.000000	1.33316e+07	450.000000	6.311e+06 	450.000000	2.19794e+07	450.000000	2.00534e+07	450.000000	2.46866e+07	
460.000000	4.45993e+09	460.000000	3.46656e+09	460.000000	3.46893e+09	460.000000	3.47694e+09	460.000000	3.47042e+09	460.000000	1.37438e+07	460.000000	6.51742e+06	460.000000	2.27066e+07	460.000000	2.07293e+07	460.000000	2.55521e+07	
470.000000	4.6196e+09	470.000000	3.58585e+09	470.000000	3.5883e+09	470.000000	3.59664e+09	470.000000	3.58984e+09	470.000000	1.4157e+07	470.000000	6.72535e+06	470.000000	2.34381e+07	470.000000	2.14103e+07	470.000000	2.64252e+07	
480.000000	4.7808e+09	480.000000	3.70627e+09	480.000000	3.70878e+09	480.000000	3.71745e+09	480.000000	3.71037e+09	480.000000	1.45712e+07	480.000000	6.93468e+06	480.000000	2.41738e+07	480.000000	2.20964e+07	480.000000	2.73058e+07	
490.000000	4.94349e+09	490.000000	3.82777e+09	490.000000	3.83034e+09	490.000000	3.83934e+09	490.000000	3.83198e+09	490.000000	1.49862e+07	490.000000	7.1453e+06	490.000000	2.49135e+07	490.000000	2.27873e+07	490.000000	2.81936e+07	
500.000000	5.10764e+09	500.000000	3.95035e+09	500.000000	3.95295e+09	500.000000	3.9623e+09	500.000000	3.95464e+09	500.000000	1.54019e+07	500.000000	7.35716e+06	500.000000	2.5657e+07	500.000000	2.34828e+07	500.000000	2.90883e+07	
520.000000	5.44019e+09	520.000000	4.1986e+09	520.000000	4.20124e+09	520.000000	4.21127e+09	520.000000	4.20302e+09	520.000000	1.62352e+07	520.000000	7.78467e+06	520.000000	2.71544e+07	520.000000	2.48871e+07	520.000000	3.08979e+07	
540.000000	5.77818e+09	540.000000	4.45082e+09	540.000000	4.45343e+09	540.000000	4.46416e+09	540.000000	4.4553e+09	540.000000	1.70702e+07	540.000000	8.21715e+06	540.000000	2.86648e+07	540.000000	2.63082e+07	540.000000	3.27328e+07	
560.000000	6.12138e+09	560.000000	4.70682e+09	560.000000	4.70932e+09	560.000000	4.72076e+09	560.000000	4.71129e+09	560.000000	1.79062e+07	560.000000	8.65397e+06	560.000000	3.01868e+07	560.000000	2.77448e+07	560.000000	3.45913e+07	
580.000000	6.46955e+09	580.000000	4.96641e+09	580.000000	4.96872e+09	580.000000	4.98091e+09	580.000000	4.9708e+09	580.000000	1.87427e+07	580.000000	9.09517e+06	580.000000	3.17192e+07	580.000000	2.91958e+07	580.000000	3.64721e+07	
600.000000	6.82247e+09	600.000000	5.22944e+09	600.000000	5.23149e+09	600.000000	5.24442e+09	600.000000	5.23366e+09	600.000000	1.9579e+07	600.000000	9.54064e+06	600.000000	3.32609e+07	600.000000	3.06602e+07	600.000000	3.83736e+07	
620.000000	7.17992e+09	620.000000	5.49575e+09	620.000000	5.49743e+09	620.000000	5.51112e+09	620.000000	5.49971e+09	620.000000	2.04147e+07	620.000000	9.98987e+06	620.000000	3.48107e+07	620.000000	3.2137e+07	620.000000	4.02946e+07	
640.000000	7.54172e+09	640.000000	5.76517e+09	640.000000	5.7664e+09	640.000000	5.78088e+09	640.000000	5.7688e+09	640.000000	2.12493e+07	640.000000	1.04426e+07	640.000000	3.63678e+07	640.000000	3.36253e+07	640.000000	4.22338e+07	
660.000000	7.90767e+09	660.000000	6.03758e+09	660.000000	6.03826e+09	660.000000	6.05354e+09	660.000000	6.04078e+09	660.000000	2.20824e+07	660.000000	1.08986e+07	660.000000	3.79312e+07	660.000000	3.51243e+07	660.000000	4.419e+07 	
680.000000	8.27759e+09	680.000000	6.31283e+09	680.000000	6.31289e+09	680.000000	6.32896e+09	680.000000	6.31551e+09	680.000000	2.29136e+07	680.000000	1.13579e+07	680.000000	3.95001e+07	680.000000	3.66332e+07	680.000000	4.6162e+07	
700.000000	8.65131e+09	700.000000	6.5908e+09	700.000000	6.59015e+09	700.000000	6.60702e+09	700.000000	6.59287e+09	700.000000	2.37426e+07	700.000000	1.18203e+07	700.000000	4.10738e+07	700.000000	3.81511e+07	700.000000	4.81488e+07	
720.000000	9.02865e+09	720.000000	6.87136e+09	720.000000	6.86991e+09	720.000000	6.88759e+09	720.000000	6.87273e+09	720.000000	2.45691e+07	720.000000	1.22857e+07	720.000000	4.26514e+07	720.000000	3.96775e+07	720.000000	5.01494e+07	
740.000000	9.40948e+09	740.000000	7.1544e+09	740.000000	7.15204e+09	740.000000	7.17056e+09	740.000000	7.15498e+09	740.000000	2.53928e+07	740.000000	1.27539e+07	740.000000	4.42323e+07	740.000000	4.12115e+07	740.000000	5.21629e+07	
760.000000	9.79362e+09	760.000000	7.4398e+09	760.000000	7.43644e+09	760.000000	7.45581e+09	760.000000	7.43951e+09	760.000000	2.62135e+07	760.000000	1.32246e+07	760.000000	4.5816e+07	760.000000	4.27526e+07	760.000000	5.41883e+07	
780.000000	1.01809e+10	780.000000	7.72747e+09	780.000000	7.72302e+09	780.000000	7.74324e+09	780.000000	7.7262e+09	780.000000	2.70309e+07	780.000000	1.36976e+07	780.000000	4.74018e+07	780.000000	4.43002e+07	780.000000	5.62248e+07	
800.000000	1.05713e+10	800.000000	8.01731e+09	800.000000	8.01168e+09	800.000000	8.03275e+09	800.000000	8.01497e+09	800.000000	2.78448e+07	800.000000	1.41728e+07	800.000000	4.89891e+07	800.000000	4.58537e+07	800.000000	5.82716e+07	
820.000000	1.09646e+10	820.000000	8.30921e+09	820.000000	8.30233e+09	820.000000	8.32425e+09	820.000000	8.30573e+09	820.000000	2.86552e+07	820.000000	1.46504e+07	820.000000	5.05776e+07	820.000000	4.74126e+07	820.000000	6.03279e+07	
840.000000	1.13606e+10	840.000000	8.60308e+09	840.000000	8.59487e+09	840.000000	8.61765e+09	840.000000	8.59837e+09	840.000000	2.94617e+07	840.000000	1.51304e+07	840.000000	5.21667e+07	840.000000	4.89764e+07	840.000000	6.23931e+07	
860.000000	1.17594e+10	860.000000	8.89884e+09	860.000000	8.88922e+09	860.000000	8.91286e+09	860.000000	8.89281e+09	860.000000	3.02644e+07	860.000000	1.56127e+07	860.000000	5.37559e+07	860.000000	5.05445e+07	860.000000	6.44663e+07	
880.000000	1.21606e+10	880.000000	9.19641e+09	880.000000	9.18527e+09	880.000000	9.2098e+09	880.000000	9.18899e+09	880.000000	3.10631e+07	880.000000	1.60971e+07	880.000000	5.53449e+07	880.000000	5.21166e+07	880.000000	6.65471e+07	
900.000000	1.25643e+10	900.000000	9.49571e+09	900.000000	9.48298e+09	900.000000	9.5084e+09	900.000000	9.48681e+09	900.000000	3.18576e+07	900.000000	1.65836e+07	900.000000	5.69333e+07	900.000000	5.36923e+07	900.000000	6.86347e+07	
920.000000	1.29703e+10	920.000000	9.79665e+09	920.000000	9.78225e+09	920.000000	9.80858e+09	920.000000	9.78621e+09	920.000000	3.26479e+07	920.000000	1.7072e+07	920.000000	5.85208e+07	920.000000	5.52711e+07	920.000000	7.07286e+07	
940.000000	1.33785e+10	940.000000	1.00992e+10	940.000000	1.0083e+10	940.000000	1.01103e+10	940.000000	1.00871e+10	940.000000	3.34339e+07	940.000000	1.7562e+07	940.000000	6.0107e+07	940.000000	5.68526e+07	940.000000	7.28283e+07	
960.000000	1.37889e+10	960.000000	1.04032e+10	960.000000	1.03853e+10	960.000000	1.04134e+10	960.000000	1.03895e+10	960.000000	3.42155e+07	960.000000	1.80537e+07	960.000000	6.16917e+07	960.000000	5.84365e+07	960.000000	7.49331e+07	
980.000000	1.42013e+10	980.000000	1.07087e+10	980.000000	1.06889e+10	980.000000	1.07179e+10	980.000000	1.06932e+10	980.000000	3.49927e+07	980.000000	1.85469e+07	980.000000	6.32745e+07	980.000000	6.00225e+07	980.000000	7.70427e+07	
1000.000000	1.46156e+10	1000.000000	1.10155e+10	1000.000000	1.09938e+10	1000.000000	1.10238e+10	1000.000000	1.09982e+10	1000.000000	3.57654e+07	1000.000000	1.90416e+07	1000.000000	6.48552e+07	1000.000000	6.16102e+07	1000.000000	7.91565e+07	
1020.000000	1.50317e+10	1020.000000	1.13237e+10	1020.000000	1.13e+10  	1020.000000	1.13309e+10	1020.000000	1.13045e+10	1020.000000	3.65336e+07	1020.000000	1.95379e+07	1020.000000	6.64335e+07	1020.000000	6.31994e+07	1020.000000	8.12741e+07	
1040.000000	1.54496e+10	1040.000000	1.16331e+10	1040.000000	1.16074e+10	1040.000000	1.16392e+10	1040.000000	1.1612e+10	1040.000000	3.72972e+07	1040.000000	2.00357e+07	1040.000000	6.80093e+07	1040.000000	6.47897e+07	1040.000000	8.33951e+07	
1060.000000	1.58692e+10	1060.000000	1.19437e+10	1060.000000	1.1916e+10	1060.000000	1.19487e+10	1060.000000	1.19207e+10	1060.000000	3.80563e+07	1060.000000	2.05351e+07	1060.000000	6.95822e+07	1060.000000	6.63808e+07	1060.000000	8.55191e+07	
1080.000000	1.62904e+10	1080.000000	1.22555e+10	1080.000000	1.22256e+10	1080.000000	1.22592e+10	1080.000000	1.22304e+10	1080.000000	3.88107e+07	1080.000000	2.10361e+07	1080.000000	7.11522e+07	1080.000000	6.79726e+07	1080.000000	8.76456e+07	
1100.000000	1.6713e+10	1100.000000	1.25683e+10	1100.000000	1.25363e+10	1100.000000	1.25709e+10	1100.000000	1.25412e+10	1100.000000	3.95606e+07	1100.000000	2.15387e+07	1100.000000	7.27191e+07	1100.000000	6.95648e+07	1100.000000	8.97744e+07	
1120.000000	1.71372e+10	1120.000000	1.28822e+10	1120.000000	1.2848e+10	1120.000000	1.28835e+10	1120.000000	1.28531e+10	1120.000000	4.03058e+07	1120.000000	2.20428e+07	1120.000000	7.42826e+07	1120.000000	7.11571e+07	1120.000000	9.1905e+07	
1140.000000	1.75627e+10	1140.000000	1.31971e+10	1140.000000	1.31607e+10	1140.000000	1.31971e+10	1140.000000	1.31659e+10	1140.000000	4.10464e+07	1140.000000	2.25483e+07	1140.000000	7.58427e+07	1140.000000	7.27493e+07	1140.000000	9.40372e+07	
1160.000000	1.79895e+10	1160.000000	1.3513e+10	1160.000000	1.34743e+10	1160.000000	1.35117e+10	1160.000000	1.34796e+10	1160.000000	4.17824e+07	1160.000000	2.3055e+07	1160.000000	7.73991e+07	1160.000000	7.43413e+07	1160.000000	9.61707e+07	
1180.000000	1.84175e+10	1180.000000	1.38297e+10	1180.000000	1.37888e+10	1180.000000	1.38271e+10	1180.000000	1.37942e+10	1180.000000	4.25138e+07	1180.000000	2.35629e+07	1180.000000	7.89518e+07	1180.000000	7.59328e+07	1180.000000	9.8305e+07	
1200.000000	1.88468e+10	1200.000000	1.41474e+10	1200.000000	1.41041e+10	1200.000000	1.41434e+10	1200.000000	1.41096e+10	1200.000000	4.32406e+07	1200.000000	2.4072e+07	1200.000000	8.05006e+07	1200.000000	7.75236e+07	1200.000000	1.0044e+08	
1220.000000	1.92771e+10	1220.000000	1.44658e+10	1220.000000	1.44202e+10	1220.000000	1.44605e+10	1220.000000	1.44259e+10	1220.000000	4.39628e+07	1220.000000	2.45822e+07	1220.000000	8.20455e+07	1220.000000	7.91136e+07	1220.000000	1.02576e+08	
1240.000000	1.97085e+10	1240.000000	1.4785e+10	1240.000000	1.47372e+10	1240.000000	1.47784e+10	1240.000000	1.47429e+10	1240.000000	4.46804e+07	1240.000000	2.50935e+07	1240.000000	8.35863e+07	1240.000000	8.07026e+07	1240.000000	1.04711e+08	
1260.000000	2.01409e+10	1260.000000	1.5105e+10	1260.000000	1.50548e+10	1260.000000	1.5097e+10	1260.000000	1.50607e+10	1260.000000	4.53934e+07	1260.000000	2.5606e+07	1260.000000	8.51228e+07	1260.000000	8.22905e+07	1260.000000	1.06847e+08	
1280.000000	2.05742e+10	1280.000000	1.54256e+10	1280.000000	1.53732e+10	1280.000000	1.54163e+10	1280.000000	1.53792e+10	1280.000000	4.6102e+07	1280.000000	2.61196e+07	1280.000000	8.66552e+07	1280.000000	8.3877e+07	1280.000000	1.08982e+08	
1300.000000	2.10084e+10	1300.000000	1.5747e+10	1300.000000	1.56922e+10	1300.000000	1.57364e+10	1300.000000	1.56983e+10	1300.000000	4.68059e+07	1300.000000	2.66343e+07	1300.000000	8.81832e+07	1300.000000	8.54621e+07	1300.000000	1.11116e+08	
1320.000000	2.14434e+10	1320.000000	1.6069e+10	1320.000000	1.60119e+10	1320.000000	1.6057e+10	1320.000000	1.60181e+10	1320.000000	4.75054e+07	1320.000000	2.715e+07 	1320.000000	8.97068e+07	1320.000000	8.70457e+07	1320.000000	1.1325e+08	
1340.000000	2.18792e+10	1340.000000	1.63915e+10	1340.000000	1.63322e+10	1340.000000	1.63783e+10	1340.000000	1.63386e+10	1340.000000	4.82005e+07	1340.000000	2.76668e+07	1340.000000	9.12259e+07	1340.000000	8.86275e+07	1340.000000	1.15383e+08	
1360.000000	2.23158e+10	1360.000000	1.67147e+10	1360.000000	1.66531e+10	1360.000000	1.67002e+10	1360.000000	1.66596e+10	1360.000000	4.88911e+07	1360.000000	2.81846e+07	1360.000000	9.27404e+07	1360.000000	9.02075e+07	1360.000000	1.17515e+08	
1380.000000	2.2753e+10	1380.000000	1.70384e+10	1380.000000	1.69745e+10	1380.000000	1.70227e+10	1380.000000	1.69812e+10	1380.000000	4.95773e+07	1380.000000	2.87034e+07	1380.000000	9.42504e+07	1380.000000	9.17856e+07	1380.000000	1.19645e+08	
1400.000000	2.31909e+10	1400.000000	1.73626e+10	1400.000000	1.72966e+10	1400.000000	1.73456e+10	1400.000000	1.73033e+10	1400.000000	5.02591e+07	1400.000000	2.92233e+07	1400.000000	9.57557e+07	1400.000000	9.33616e+07	1400.000000	1.21774e+08	
1420.000000	2.36294e+10	1420.000000	1.76873e+10	1420.000000	1.76191e+10	1420.000000	1.76692e+10	1420.000000	1.7626e+10	1420.000000	5.09366e+07	1420.000000	2.97441e+07	1420.000000	9.72563e+07	1420.000000	9.49355e+07	1420.000000	1.23901e+08	
1440.000000	2.40684e+10	1440.000000	1.80124e+10	1440.000000	1.79421e+10	1440.000000	1.79932e+10	1440.000000	1.79491e+10	1440.000000	5.16097e+07	1440.000000	3.02658e+07	1440.000000	9.87523e+07	1440.000000	9.65072e+07	1440.000000	1.26027e+08	
1460.000000	2.45079e+10	1460.000000	1.8338e+10	1460.000000	1.82656e+10	1460.000000	1.83177e+10	1460.000000	1.82728e+10	1460.000000	5.22786e+07	1460.000000	3.07885e+07	1460.000000	1.00243e+08	1460.000000	9.80765e+07	1460.000000	1.2815e+08	
1480.000000	2.49479e+10	1480.000000	1.8664e+10	1480.000000	1.85896e+10	1480.000000	1.86426e+10	1480.000000	1.85969e+10	1480.000000	5.29433e+07	1480.000000	3.13122e+07	1480.000000	1.0173e+08	1480.000000	9.96434e+07	1480.000000	1.30271e+08	
1500.000000	2.53884e+10	1500.000000	1.89904e+10	1500.000000	1.8914e+10	1500.000000	1.8968e+10	1500.000000	1.89214e+10	1500.000000	5.36037e+07	1500.000000	3.18369e+07	1500.000000	1.03211e+08	1500.000000	1.01208e+08	1500.000000	1.32391e+08	
1520.000000	2.58292e+10	1520.000000	1.93171e+10	1520.000000	1.92388e+10	1520.000000	1.92938e+10	1520.000000	1.92463e+10	1520.000000	5.426e+07 	1520.000000	3.23625e+07	1520.000000	1.04688e+08	1520.000000	1.0277e+08	1520.000000	1.34507e+08	
1540.000000	2.62704e+10	1540.000000	1.96441e+10	1540.000000	1.9564e+10	1540.000000	1.962e+10 	1540.000000	1.95716e+10	1540.000000	5.49121e+07	1540.000000	3.28889e+07	1540.000000	1.0616e+08	1540.000000	1.04329e+08	1540.000000	1.36622e+08	
1560.000000	2.67119e+10	1560.000000	1.99715e+10	1560.000000	1.98896e+10	1560.000000	1.99465e+10	1560.000000	1.98973e+10	1560.000000	5.55601e+07	1560.000000	3.34163e+07	1560.000000	1.07627e+08	1560.000000	1.05886e+08	1560.000000	1.38734e+08	
1580.000000	2.71537e+10	1580.000000	2.02991e+10	1580.000000	2.02155e+10	1580.000000	2.02735e+10	1580.000000	2.02233e+10	1580.000000	5.62041e+07	1580.000000	3.39445e+07	1580.000000	1.09089e+08	1580.000000	1.07439e+08	1580.000000	1.40843e+08	
1600.000000	2.75958e+10	1600.000000	2.0627e+10	1600.000000	2.05418e+10	1600.000000	2.06007e+10	1600.000000	2.05497e+10	1600.000000	5.6844e+07	1600.000000	3.44736e+07	1600.000000	1.10546e+08	1600.000000	1.0899e+08	1600.000000	1.42949e+08	
1620.000000	2.80381e+10	1620.000000	2.09552e+10	1620.000000	2.08684e+10	1620.000000	2.09283e+10	1620.000000	2.08764e+10	1620.000000	5.748e+07 	1620.000000	3.50035e+07	1620.000000	1.11998e+08	1620.000000	1.10538e+08	1620.000000	1.45052e+08	
1640.000000	2.84805e+10	1640.000000	2.12836e+10	1640.000000	2.11953e+10	1640.000000	2.12562e+10	1640.000000	2.12035e+10	1640.000000	5.8112e+07	1640.000000	3.55341e+07	1640.000000	1.13446e+08	1640.000000	1.12083e+08	1640.000000	1.47153e+08	
1660.000000	2.89232e+10	1660.000000	2.16122e+10	1660.000000	2.15225e+10	1660.000000	2.15844e+10	1660.000000	2.15308e+10	1660.000000	5.87401e+07	1660.000000	3.60654e+07	1660.000000	1.14888e+08	1660.000000	1.13626e+08	1660.000000	1.4925e+08	
1680.000000	2.93659e+10	1680.000000	2.1941e+10	1680.000000	2.185e+10 	1680.000000	2.19129e+10	1680.000000	2.18584e+10	1680.000000	5.93643e+07	1680.000000	3.65975e+07	1680.000000	1.16325e+08	1680.000000	1.15165e+08	1680.000000	1.51344e+08	
1700.000000	2.98088e+10	1700.000000	2.22699e+10	1700.000000	2.21777e+10	1700.000000	2.22416e+10	1700.000000	2.21862e+10	1700.000000	5.99847e+07	1700.000000	3.71303e+07	1700.000000	1.17758e+08	1700.000000	1.16701e+08	1700.000000	1.53435e+08	
1750.000000	3.09163e+10	1750.000000	2.3093e+10	1750.000000	2.29982e+10	1750.000000	2.30645e+10	1750.000000	2.3007e+10	1750.000000	6.15192e+07	1750.000000	3.84654e+07	1750.000000	1.21318e+08	1750.000000	1.20527e+08	1750.000000	1.58649e+08	
1800.000000	3.20239e+10	1800.000000	2.39167e+10	1800.000000	2.382e+10 	1800.000000	2.38888e+10	1800.000000	2.38291e+10	1800.000000	6.30306e+07	1800.000000	3.9805e+07	1800.000000	1.24847e+08	1800.000000	1.24333e+08	1800.000000	1.6384e+08	
1850.000000	3.31311e+10	1850.000000	2.47409e+10	1850.000000	2.46429e+10	1850.000000	2.47144e+10	1850.000000	2.46524e+10	1850.000000	6.45194e+07	1850.000000	4.11491e+07	1850.000000	1.28346e+08	1850.000000	1.28119e+08	1850.000000	1.69009e+08	
1900.000000	3.42377e+10	1900.000000	2.55654e+10	1900.000000	2.5467e+10	1900.000000	2.55409e+10	1900.000000	2.54768e+10	1900.000000	6.59862e+07	1900.000000	4.24978e+07	1900.000000	1.31814e+08	1900.000000	1.31884e+08	1900.000000	1.74155e+08	
1950.000000	3.53434e+10	1950.000000	2.639e+10 	1950.000000	2.62919e+10	1950.000000	2.63683e+10	1950.000000	2.6302e+10	1950.000000	6.74316e+07	1950.000000	4.38514e+07	1950.000000	1.35252e+08	1950.000000	1.35628e+08	1950.000000	1.79276e+08	
2000.000000	3.64478e+10	2000.000000	2.72144e+10	2000.000000	2.71176e+10	2000.000000	2.71965e+10	2000.000000	2.7128e+10	2000.000000	6.88562e+07	2000.000000	4.52096e+07	2000.000000	1.3866e+08	2000.000000	1.3935e+08	2000.000000	1.84373e+08	
2100.000000	3.86516e+10	2100.000000	2.88623e+10	2100.000000	2.87707e+10	2100.000000	2.88547e+10	2100.000000	2.87817e+10	2100.000000	7.1645e+07	2100.000000	4.794e+07 	2100.000000	1.45388e+08	2100.000000	1.46729e+08	2100.000000	1.94492e+08	
2200.000000	4.08473e+10	2200.000000	3.05077e+10	2200.000000	3.04256e+10	2200.000000	3.05144e+10	2200.000000	3.04371e+10	2200.000000	7.43567e+07	2200.000000	5.06885e+07	2200.000000	1.52e+08  	2200.000000	1.5402e+08	2200.000000	2.04508e+08	
2300.000000	4.30331e+10	2300.000000	3.21498e+10	2300.000000	3.20813e+10	2300.000000	3.21751e+10	2300.000000	3.20934e+10	2300.000000	7.69954e+07	2300.000000	5.34543e+07	2300.000000	1.58499e+08	2300.000000	1.61223e+08	2300.000000	2.14419e+08	
2400.000000	4.52076e+10	2400.000000	3.37875e+10	2400.000000	3.37373e+10	2400.000000	3.3836e+10	2400.000000	3.37499e+10	2400.000000	7.95649e+07	2400.000000	5.62366e+07	2400.000000	1.64888e+08	2400.000000	1.68337e+08	2400.000000	2.24224e+08	
2500.000000	4.73695e+10	2500.000000	3.54201e+10	2500.000000	3.5393e+10	2500.000000	3.54966e+10	2500.000000	3.54062e+10	2500.000000	8.20685e+07	2500.000000	5.90347e+07	2500.000000	1.7117e+08	2500.000000	1.75363e+08	2500.000000	2.33923e+08	
2600.000000	4.95177e+10	2600.000000	3.70469e+10	2600.000000	3.7048e+10	2600.000000	3.71565e+10	2600.000000	3.70617e+10	2600.000000	8.45096e+07	2600.000000	6.18478e+07	2600.000000	1.77349e+08	2600.000000	1.82302e+08	2600.000000	2.43514e+08	
2700.000000	5.16513e+10	2700.000000	3.86673e+10	2700.000000	3.87019e+10	2700.000000	3.88153e+10	2700.000000	3.87162e+10	2700.000000	8.68914e+07	2700.000000	6.46758e+07	2700.000000	1.83427e+08	2700.000000	1.89155e+08	2700.000000	2.53e+08  	
2800.000000	5.37696e+10	2800.000000	4.0281e+10	2800.000000	4.03543e+10	2800.000000	4.04727e+10	2800.000000	4.03692e+10	2800.000000	8.92168e+07	2800.000000	6.75184e+07	2800.000000	1.89407e+08	2800.000000	1.95923e+08	2800.000000	2.6238e+08	
2900.000000	5.58718e+10	2900.000000	4.18873e+10	2900.000000	4.20051e+10	2900.000000	4.21283e+10	2900.000000	4.20206e+10	2900.000000	9.14884e+07	2900.000000	7.03754e+07	2900.000000	1.95293e+08	2900.000000	2.02608e+08	2900.000000	2.71655e+08	
3000.000000	5.79574e+10	3000.000000	4.3486e+10	3000.000000	4.36539e+10	3000.000000	4.3782e+10	3000.000000	4.367e+10 	3000.000000	9.37089e+07	3000.000000	7.32469e+07	3000.000000	2.01087e+08	3000.000000	2.0921e+08	3000.000000	2.80828e+08	
3200.000000	6.20771e+10	3200.000000	4.66594e+10	3200.000000	4.69451e+10	3200.000000	4.70829e+10	3200.000000	4.69624e+10	3200.000000	9.80057e+07	3200.000000	7.90328e+07	3200.000000	2.12412e+08	3200.000000	2.22172e+08	3200.000000	2.98868e+08	
3400.000000	6.61259e+10	3400.000000	4.97991e+10	3400.000000	5.02267e+10	3400.000000	5.03742e+10	3400.000000	5.02452e+10	3400.000000	1.02125e+08	3400.000000	8.48754e+07	3400.000000	2.23405e+08	3400.000000	2.34824e+08	3400.000000	3.16514e+08	
3600.000000	7.01021e+10	3600.000000	5.29038e+10	3600.000000	5.34978e+10	3600.000000	5.36548e+10	3600.000000	5.35175e+10	3600.000000	1.06081e+08	3600.000000	9.07736e+07	3600.000000	2.34084e+08	3600.000000	2.47178e+08	3600.000000	3.33779e+08	
3800.000000	7.40046e+10	3800.000000	5.59726e+10	3800.000000	5.6758e+10	3800.000000	5.69244e+10	3800.000000	5.67788e+10	3800.000000	1.09888e+08	3800.000000	9.67263e+07	3800.000000	2.4447e+08	3800.000000	2.59246e+08	3800.000000	3.50676e+08	
4000.000000	7.78331e+10	4000.000000	5.9005e+10	4000.000000	6.00069e+10	4000.000000	6.01825e+10	4000.000000	6.00287e+10	4000.000000	1.13558e+08	4000.000000	1.02732e+08	4000.000000	2.5458e+08	4000.000000	2.71041e+08	4000.000000	3.67221e+08	
4200.000000	8.15877e+10	4200.000000	6.20007e+10	4200.000000	6.32441e+10	4200.000000	6.34289e+10	4200.000000	6.3267e+10	4200.000000	1.17102e+08	4200.000000	1.08791e+08	4200.000000	2.6443e+08	4200.000000	2.82576e+08	4200.000000	3.83426e+08	
4400.000000	8.5269e+10	4400.000000	6.49595e+10	4400.000000	6.64696e+10	4400.000000	6.66636e+10	4400.000000	6.64936e+10	4400.000000	1.20529e+08	4400.000000	1.14902e+08	4400.000000	2.74035e+08	4400.000000	2.9386e+08	4400.000000	3.99306e+08	
4600.000000	8.88777e+10	4600.000000	6.78817e+10	4600.000000	6.96834e+10	4600.000000	6.98864e+10	4600.000000	6.97084e+10	4600.000000	1.23847e+08	4600.000000	1.21063e+08	4600.000000	2.83409e+08	4600.000000	3.04906e+08	4600.000000	4.14874e+08	
4800.000000	9.24148e+10	4800.000000	7.07674e+10	4800.000000	7.28856e+10	4800.000000	7.30975e+10	4800.000000	7.29116e+10	4800.000000	1.27064e+08	4800.000000	1.27276e+08	4800.000000	2.92564e+08	4800.000000	3.15724e+08	4800.000000	4.30142e+08	
5000.000000	9.58815e+10	5000.000000	7.36169e+10	5000.000000	7.60761e+10	5000.000000	7.62969e+10	5000.000000	7.61031e+10	5000.000000	1.30187e+08	5000.000000	1.33538e+08	5000.000000	3.01511e+08	5000.000000	3.26323e+08	5000.000000	4.45123e+08	
5250.000000	1.00118e+11	5250.000000	7.71288e+10	5250.000000	8.00482e+10	5250.000000	8.028e+10 	5250.000000	8.00765e+10	5250.000000	1.33967e+08	5250.000000	1.41436e+08	5250.000000	3.12421e+08	5250.000000	3.3928e+08	5250.000000	4.63462e+08	
5500.000000	1.04249e+11	5500.000000	8.05858e+10	5500.000000	8.40028e+10	5500.000000	8.42454e+10	5500.000000	8.40323e+10	5500.000000	1.37621e+08	5500.000000	1.4941e+08	5500.000000	3.23043e+08	5500.000000	3.51928e+08	5500.000000	4.81392e+08	
6000.000000	1.12206e+11	6000.000000	8.73395e+10	6000.000000	9.18607e+10	6000.000000	9.21246e+10	6000.000000	9.18927e+10	6000.000000	1.44585e+08	6000.000000	1.65583e+08	6000.000000	3.43494e+08	6000.000000	3.76358e+08	6000.000000	5.16101e+08	
6500.000000	1.19776e+11	6500.000000	9.38872e+10	6500.000000	9.96529e+10	6500.000000	9.99378e+10	6500.000000	9.96873e+10	6500.000000	1.51144e+08	6500.000000	1.8205e+08	6500.000000	3.62985e+08	6500.000000	3.99728e+08	6500.000000	5.49396e+08	
7000.000000	1.26984e+11	7000.000000	1.00239e+11	7000.000000	1.07383e+11	7000.000000	1.07688e+11	7000.000000	1.0742e+11	7000.000000	1.5735e+08	7000.000000	1.98801e+08	7000.000000	3.81621e+08	7000.000000	4.22139e+08	7000.000000	5.81403e+08	
7500.000000	1.33851e+11	7500.000000	1.06403e+11	7500.000000	1.15053e+11	7500.000000	1.15379e+11	7500.000000	1.15093e+11	7500.000000	1.63245e+08	7500.000000	2.15835e+08	7500.000000	3.99488e+08	7500.000000	4.43677e+08	7500.000000	6.12236e+08	
8000.000000	1.404e+11 	8000.000000	1.1239e+11	8000.000000	1.22668e+11	8000.000000	1.23013e+11	8000.000000	1.2271e+11	8000.000000	1.68865e+08	8000.000000	2.33145e+08	8000.000000	4.1666e+08	8000.000000	4.64417e+08	8000.000000	6.4199e+08	
8500.000000	1.4665e+11	8500.000000	1.18208e+11	8500.000000	1.30229e+11	8500.000000	1.30594e+11	8500.000000	1.30274e+11	8500.000000	1.7424e+08	8500.000000	2.50717e+08	8500.000000	4.332e+08 	8500.000000	4.84425e+08	8500.000000	6.70753e+08	
9000.000000	1.52621e+11	9000.000000	1.23866e+11	9000.000000	1.37741e+11	9000.000000	1.38125e+11	9000.000000	1.37787e+11	9000.000000	1.79393e+08	9000.000000	2.68539e+08	9000.000000	4.49163e+08	9000.000000	5.03759e+08	9000.000000	6.98601e+08	
9500.000000	1.58331e+11	9500.000000	1.29373e+11	9500.000000	1.45204e+11	9500.000000	1.45607e+11	9500.000000	1.45253e+11	9500.000000	1.84347e+08	9500.000000	2.8661e+08	9500.000000	4.64597e+08	9500.000000	5.22471e+08	9500.000000	7.25602e+08	
10000.000000	1.63796e+11	10000.000000	1.34735e+11	10000.000000	1.52623e+11	10000.000000	1.53043e+11	10000.000000	1.52673e+11	10000.000000	1.89119e+08	10000.000000	3.04929e+08	10000.000000	4.79545e+08	10000.000000	5.40607e+08	10000.000000	7.51816e+08	
11000.000000	1.74051e+11	11000.000000	1.45054e+11	11000.000000	1.67332e+11	11000.000000	1.67788e+11	11000.000000	1.67385e+11	11000.000000	1.98178e+08	11000.000000	3.42282e+08	11000.000000	5.08122e+08	11000.000000	5.75306e+08	11000.000000	8.02094e+08	
12000.000000	1.83494e+11	12000.000000	1.54876e+11	12000.000000	1.81883e+11	12000.000000	1.82374e+11	12000.000000	1.81941e+11	12000.000000	2.06676e+08	12000.000000	3.80486e+08	12000.000000	5.35144e+08	12000.000000	6.08137e+08	12000.000000	8.49805e+08	
13000.000000	1.92217e+11	13000.000000	1.64245e+11	13000.000000	1.9629e+11	13000.000000	1.96815e+11	13000.000000	1.96352e+11	13000.000000	2.14693e+08	13000.000000	4.19486e+08	13000.000000	5.60807e+08	13000.000000	6.39323e+08	13000.000000	8.95254e+08	
14000.000000	2.00301e+11	14000.000000	1.73202e+11	14000.000000	2.10565e+11	14000.000000	2.11122e+11	14000.000000	2.10631e+11	14000.000000	2.22291e+08	14000.000000	4.59322e+08	14000.000000	5.85274e+08	14000.000000	6.69052e+08	14000.000000	9.38688e+08	
15000.000000	2.07814e+11	15000.000000	1.81781e+11	15000.000000	2.2472e+11	15000.000000	2.25307e+11	15000.000000	2.24788e+11	15000.000000	2.29524e+08	15000.000000	5.00035e+08	15000.000000	6.08677e+08	15000.000000	6.97479e+08	15000.000000	9.8032e+08	
16000.000000	2.14814e+11	16000.000000	1.90014e+11	16000.000000	2.38762e+11	16000.000000	2.39378e+11	16000.000000	2.38831e+11	16000.000000	2.36432e+08	16000.000000	5.41601e+08	16000.000000	6.31126e+08	16000.000000	7.24734e+08	16000.000000	1.02033e+09	
17000.000000	2.21352e+11	17000.000000	1.97927e+11	17000.000000	2.52699e+11	17000.000000	2.53343e+11	17000.000000	2.5277e+11	17000.000000	2.43051e+08	17000.000000	5.83946e+08	17000.000000	6.52715e+08	17000.000000	7.50928e+08	17000.000000	1.05886e+09	
18000.000000	2.27473e+11	18000.000000	2.05545e+11	18000.000000	2.66537e+11	18000.000000	2.67209e+11	18000.000000	2.6661e+11	18000.000000	2.4941e+08	18000.000000	6.2699e+08	18000.000000	6.73524e+08	18000.000000	7.76157e+08	18000.000000	1.09604e+09	
19000.000000	2.33217e+11	19000.000000	2.1289e+11	19000.000000	2.80283e+11	19000.000000	2.80982e+11	19000.000000	2.80358e+11	19000.000000	2.55535e+08	19000.000000	6.70663e+08	19000.000000	6.93621e+08	19000.000000	8.00505e+08	19000.000000	1.132e+09 	
20000.000000	2.38616e+11	20000.000000	2.1998e+11	20000.000000	2.93942e+11	20000.000000	2.94667e+11	20000.000000	2.9402e+11	20000.000000	2.61445e+08	20000.000000	7.14905e+08	20000.000000	7.13066e+08	20000.000000	8.24043e+08	20000.000000	1.16682e+09	
21000.000000	2.43702e+11	21000.000000	2.26834e+11	21000.000000	3.07518e+11	21000.000000	3.0827e+11	21000.000000	3.076e+11 	21000.000000	2.67161e+08	21000.000000	7.59689e+08	21000.000000	7.31909e+08	21000.000000	8.46833e+08	21000.000000	1.20059e+09	
22000.000000	2.485e+11 	22000.000000	2.33466e+11	22000.000000	3.21017e+11	22000.000000	3.21796e+11	22000.000000	3.21103e+11	22000.000000	2.72698e+08	22000.000000	8.05109e+08	22000.000000	7.50197e+08	22000.000000	8.68933e+08	22000.000000	1.2334e+09	
23000.000000	2.53035e+11	23000.000000	2.39892e+11	23000.000000	3.34444e+11	23000.000000	3.35248e+11	23000.000000	3.34533e+11	23000.000000	2.7807e+08	23000.000000	8.5119e+08	23000.000000	7.6797e+08	23000.000000	8.90391e+08	23000.000000	1.2653e+09	
24000.000000	2.57327e+11	24000.000000	2.46123e+11	24000.000000	3.47801e+11	24000.000000	3.48629e+11	24000.000000	3.47894e+11	24000.000000	2.83289e+08	24000.000000	8.97824e+08	24000.000000	7.85263e+08	24000.000000	9.11251e+08	24000.000000	1.29636e+09	
25000.000000	2.61397e+11	25000.000000	2.52172e+11	25000.000000	3.61093e+11	25000.000000	3.61944e+11	25000.000000	3.61189e+11	25000.000000	2.88366e+08	25000.000000	9.45001e+08	25000.000000	8.02108e+08	25000.000000	9.31553e+08	25000.000000	1.32664e+09	
26000.000000	2.65259e+11	26000.000000	2.58049e+11	26000.000000	3.74322e+11	26000.000000	3.75196e+11	26000.000000	3.74421e+11	26000.000000	2.93311e+08	26000.000000	9.92738e+08	26000.000000	8.18534e+08	26000.000000	9.51332e+08	26000.000000	1.35618e+09	
27000.000000	2.68931e+11	27000.000000	2.63763e+11	27000.000000	3.87491e+11	27000.000000	3.88387e+11	27000.000000	3.87593e+11	27000.000000	2.98133e+08	27000.000000	1.04102e+09	27000.000000	8.34567e+08	27000.000000	9.7062e+08	27000.000000	1.38502e+09	
28000.000000	2.72425e+11	28000.000000	2.69325e+11	28000.000000	4.00603e+11	28000.000000	4.0152e+11	28000.000000	4.00708e+11	28000.000000	3.0284e+08	28000.000000	1.08985e+09	28000.000000	8.5023e+08	28000.000000	9.89447e+08	28000.000000	1.41321e+09	
29000.000000	2.75754e+11	29000.000000	2.74742e+11	29000.000000	4.1366e+11	29000.000000	4.14597e+11	29000.000000	4.13768e+11	29000.000000	3.07438e+08	29000.000000	1.13921e+09	29000.000000	8.65543e+08	29000.000000	1.00784e+09	29000.000000	1.44079e+09	
30000.000000	2.7893e+11	30000.000000	2.80021e+11	30000.000000	4.26665e+11	30000.000000	4.27621e+11	30000.000000	4.26776e+11	30000.000000	3.11935e+08	30000.000000	1.1891e+09	30000.000000	8.80528e+08	30000.000000	1.02582e+09	30000.000000	1.46778e+09	
32000.000000	2.8486e+11	32000.000000	2.90195e+11	32000.000000	4.52525e+11	32000.000000	4.53518e+11	32000.000000	4.52642e+11	32000.000000	3.20644e+08	32000.000000	1.29043e+09	32000.000000	9.09575e+08	32000.000000	1.06063e+09	32000.000000	1.52014e+09	
34000.000000	2.90288e+11	34000.000000	2.99897e+11	34000.000000	4.78198e+11	34000.000000	4.79224e+11	34000.000000	4.78322e+11	34000.000000	3.2901e+08	34000.000000	1.39363e+09	34000.000000	9.37497e+08	34000.000000	1.09404e+09	34000.000000	1.5705e+09	
36000.000000	2.95275e+11	36000.000000	3.09169e+11	36000.000000	5.03698e+11	36000.000000	5.04755e+11	36000.000000	5.03828e+11	36000.000000	3.37066e+08	36000.000000	1.49853e+09	36000.000000	9.64398e+08	36000.000000	1.12618e+09	36000.000000	1.61905e+09	
38000.000000	2.99871e+11	38000.000000	3.1805e+11	38000.000000	5.29037e+11	38000.000000	5.3012e+11	38000.000000	5.29172e+11	38000.000000	3.44841e+08	38000.000000	1.6051e+09	38000.000000	9.90369e+08	38000.000000	1.15715e+09	38000.000000	1.66595e+09	
40000.000000	3.04119e+11	40000.000000	3.26571e+11	40000.000000	5.54224e+11	40000.000000	5.55331e+11	40000.000000	5.54365e+11	40000.000000	3.5236e+08	40000.000000	1.71332e+09	40000.000000	1.01549e+09	40000.000000	1.18707e+09	40000.000000	1.71133e+09	
42000.000000	3.08058e+11	42000.000000	3.34762e+11	42000.000000	5.79269e+11	42000.000000	5.80396e+11	42000.000000	5.79416e+11	42000.000000	3.59645e+08	42000.000000	1.82314e+09	42000.000000	1.03982e+09	42000.000000	1.21602e+09	42000.000000	1.75531e+09	
44000.000000	3.11718e+11	44000.000000	3.42647e+11	44000.000000	6.0418e+11	44000.000000	6.05324e+11	44000.000000	6.04333e+11	44000.000000	3.66716e+08	44000.000000	1.93452e+09	44000.000000	1.06343e+09	44000.000000	1.24406e+09	44000.000000	1.79801e+09	
46000.000000	3.15128e+11	46000.000000	3.50251e+11	46000.000000	6.28965e+11	46000.000000	6.30123e+11	46000.000000	6.29125e+11	46000.000000	3.73587e+08	46000.000000	2.04736e+09	46000.000000	1.08637e+09	46000.000000	1.27127e+09	46000.000000	1.83951e+09	
48000.000000	3.18311e+11	48000.000000	3.57591e+11	48000.000000	6.53629e+11	48000.000000	6.54799e+11	48000.000000	6.53796e+11	48000.000000	3.80274e+08	48000.000000	2.1616e+09	48000.000000	1.10869e+09	48000.000000	1.2977e+09	48000.000000	1.87989e+09	
50000.000000	3.2129e+11	50000.000000	3.64687e+11	50000.000000	6.7818e+11	50000.000000	6.79358e+11	50000.000000	6.78355e+11	50000.000000	3.86791e+08	50000.000000	2.27719e+09	50000.000000	1.13042e+09	50000.000000	1.32341e+09	50000.000000	1.91923e+09	
