! 1H range in H180C10F40
! apply ZOOM for details
Energy (MeV/u)1	0 - [He-base] F.Hubert et al, AD&ND Tables 46(1990)1	Energy (MeV/u)2	1 - [H -base] J.F.Ziegler et al,Pergamon Press,NY(low energy)	Energy (MeV/u)3	2 - ATIMA 1.2 LS-theory (recommended for high energy)	Energy (MeV/u)4	3 - ATIMA 1.2 without LS-correction	Energy (MeV/u)5	4 - ATIMA 1.4 H.Weick, improved mean charge formula for HI	Energy (MeV/u)6	5 - Range straggling - method [0] - LISE	Energy (MeV/u)7	6 - Range straggling - method [1] - Atima	Energy (MeV/u)8	7 - Lateral range - method [0] - LISE	Energy (MeV/u)9	8 - Lateral range - method [1] - Atima	Energy (MeV/u)10	9 - Lateral range - method [2] - PDG	
0.001000	105.049   	0.001000	105.049   	0.001000	93.3639   	0.001000	93.3639   	0.001000	93.3868   	0.001000	0         	0.001000	0         	0.001000	0.768822  	0.001000	1.62669   	0.001000	0.722928  	
0.002000	210.099   	0.002000	210.099   	0.002000	186.728   	0.002000	186.728   	0.002000	186.774   	0.002000	11.2557   	0.002000	11.2557   	0.002000	2.25132   	0.002000	4.60157   	0.002000	2.24127   	
0.005000	454.146   	0.005000	454.146   	0.005000	414.086   	0.005000	414.086   	0.005000	414.156   	0.005000	13.1216   	0.005000	13.1216   	0.005000	7.64443   	0.005000	15.1298   	0.005000	7.97194   	
0.008000	650.217   	0.008000	650.217   	0.008000	603.919   	0.008000	603.919   	0.008000	603.998   	0.008000	13.1913   	0.008000	13.1913   	0.008000	13.6764   	0.008000	26.6275   	0.008000	14.5723   	
0.010000	766.43    	0.010000	766.43    	0.010000	718.638   	0.010000	718.638   	0.010000	718.72    	0.010000	13.433    	0.010000	13.433    	0.010000	17.8854   	0.010000	34.5562   	0.010000	19.2408   	
0.015000	1011.23   	0.015000	1011.23   	0.015000	978.784   	0.015000	978.784   	0.015000	978.871   	0.015000	14.6856   	0.015000	14.6856   	0.015000	28.8076   	0.015000	54.9062   	0.015000	31.5028   	
0.020000	1209.7    	0.020000	1209.7    	0.020000	1212.93   	0.020000	1212.93   	0.020000	1213.02   	0.020000	16.4008   	0.020000	16.4008   	0.020000	40.1166   	0.020000	75.7361   	0.020000	44.3549   	
0.025000	1381.56   	0.025000	1381.56   	0.025000	1429.17   	0.025000	1429.17   	0.025000	1429.26   	0.025000	18.23     	0.025000	18.23     	0.025000	51.6875   	0.025000	96.8689   	0.025000	57.6194   	
0.030000	1536.93   	0.030000	1536.93   	0.030000	1631.91   	0.030000	1631.91   	0.030000	1632      	0.030000	20.0284   	0.030000	20.0284   	0.030000	63.447    	0.030000	118.205   	0.030000	71.1899   	
0.035000	1681.67   	0.035000	1681.67   	0.035000	1824.28   	0.035000	1824.28   	0.035000	1824.37   	0.035000	21.753    	0.035000	21.753    	0.035000	75.2752   	0.035000	139.464   	0.035000	85.0316   	
0.040000	1819.32   	0.040000	1819.32   	0.040000	2008.65   	0.040000	2008.65   	0.040000	2008.74   	0.040000	23.4004   	0.040000	23.4004   	0.040000	86.6542   	0.040000	159.305   	0.040000	99.1461   	
0.045000	1952.2    	0.045000	1952.2    	0.045000	2186.72   	0.045000	2186.72   	0.045000	2186.81   	0.045000	24.9772   	0.045000	24.9772   	0.045000	97.667    	0.045000	177.958   	0.045000	113.542   	
0.050000	2081.85   	0.050000	2081.85   	0.050000	2359.78   	0.050000	2359.78   	0.050000	2359.87   	0.050000	26.4932   	0.050000	27.476    	0.050000	108.525   	0.050000	195.978   	0.050000	128.232   	
0.055000	2209.36   	0.055000	2209.36   	0.055000	2528.81   	0.055000	2528.81   	0.055000	2528.91   	0.055000	27.9582   	0.055000	30.2507   	0.055000	119.28    	0.055000	213.489   	0.055000	141.823   	
0.060000	2335.55   	0.060000	2335.55   	0.060000	2694.62   	0.060000	2694.62   	0.060000	2694.72   	0.060000	29.3816   	0.060000	32.7693   	0.060000	130.002   	0.060000	230.67    	0.060000	153.874   	
0.070000	2586.35   	0.070000	2586.35   	0.070000	3019.02   	0.070000	3019.02   	0.070000	3019.12   	0.070000	32.1347   	0.070000	37.289    	0.070000	151.573   	0.070000	264.574   	0.070000	174.827   	
0.080000	2837.88   	0.080000	2837.88   	0.080000	3336.93   	0.080000	3336.93   	0.080000	3337.03   	0.080000	34.8061   	0.080000	41.3636   	0.080000	173.377   	0.080000	298.131   	0.080000	193.048   	
0.090000	3092.57   	0.090000	3092.57   	0.090000	3651.21   	0.090000	3651.21   	0.090000	3651.31   	0.090000	37.4367   	0.090000	45.1686   	0.090000	194.991   	0.090000	330.929   	0.090000	209.683   	
0.100000	3352.05   	0.100000	3352.05   	0.100000	3963.98   	0.100000	3963.98   	0.100000	3964.08   	0.100000	40.0581   	0.100000	48.8107   	0.100000	214.401   	0.100000	360.366   	0.100000	224.9     	
0.120000	3889.67   	0.120000	3889.67   	0.120000	4591.24   	0.120000	4591.24   	0.120000	4591.34   	0.120000	45.3668   	0.120000	55.8687   	0.120000	249.02    	0.120000	412.724   	0.120000	253.073   	
0.140000	4456.41   	0.140000	4456.41   	0.140000	5228.21   	0.140000	5228.21   	0.140000	5228.31   	0.140000	50.8776   	0.140000	62.8963   	0.140000	280.093   	0.140000	459.446   	0.140000	279.207   	
0.160000	5055.05   	0.160000	5055.05   	0.160000	5881.18   	0.160000	5881.18   	0.160000	5881.28   	0.160000	56.6889   	0.160000	69.9825   	0.160000	309.234   	0.160000	502.971   	0.160000	304.251   	
0.180000	5686.85   	0.180000	5686.85   	0.180000	6554.48   	0.180000	6554.48   	0.180000	6554.58   	0.180000	62.8701   	0.180000	77.1806   	0.180000	337.46    	0.180000	544.856   	0.180000	328.754   	
0.200000	6352.28   	0.200000	6352.28   	0.200000	7251.22   	0.200000	7251.22   	0.200000	7251.32   	0.200000	69.4714   	0.200000	84.5868   	0.200000	364.931   	0.200000	585.335   	0.200000	353.028   	
0.250000	8162.78   	0.250000	8162.78   	0.250000	9109.15   	0.250000	9109.15   	0.250000	9109.25   	0.250000	88.0292   	0.250000	104.383   	0.250000	433.417   	0.250000	685.186   	0.250000	414.195   	
0.300000	10179.6   	0.300000	10179.6   	0.300000	11148.5   	0.300000	11148.5   	0.300000	11148.6   	0.300000	109.76    	0.300000	126.383   	0.300000	503.212   	0.300000	785.504   	0.300000	477.565   	
0.350000	12397.1   	0.350000	12397.1   	0.350000	13379.8   	0.350000	13379.8   	0.350000	13379.9   	0.350000	134.795   	0.350000	150.811   	0.350000	575.97    	0.350000	888.795   	0.350000	544.324   	
0.400000	14809.4   	0.400000	14809.4   	0.400000	15807.5   	0.400000	15807.5   	0.400000	15807.6   	0.400000	163.155   	0.400000	177.691   	0.400000	652.432   	0.400000	996.171   	0.400000	614.987   	
0.450000	17411.4   	0.450000	17411.4   	0.450000	18432.5   	0.450000	18432.5   	0.450000	18432.6   	0.450000	194.795   	0.450000	206.96    	0.450000	732.669   	0.450000	1107.72   	0.450000	689.784   	
0.500000	20198.5   	0.500000	20198.5   	0.500000	21253.6   	0.500000	21253.6   	0.500000	21253.7   	0.500000	229.641   	0.500000	238.518   	0.500000	817.273   	0.500000	1224.33   	0.500000	768.972   	
0.600000	26312.8   	0.600000	26312.8   	0.600000	27474.6   	0.600000	27474.6   	0.600000	27474.7   	0.600000	308.58    	0.600000	308.765   	0.600000	999.302   	0.600000	1472.25   	0.600000	940.594   	
0.700000	33125.3   	0.700000	33125.3   	0.700000	34446.5   	0.700000	34446.5   	0.700000	34446.6   	0.700000	399.231   	0.700000	390.754   	0.700000	1198.47   	0.700000	1739.89   	0.700000	1129.54   	
0.800000	40614.7   	0.800000	40614.7   	0.800000	42143.2   	0.800000	42143.2   	0.800000	42143.3   	0.800000	500.917   	0.800000	482.643   	0.800000	1414.41   	0.800000	2026.57   	0.800000	1335.54   	
0.900000	48763.2   	0.900000	48763.2   	0.900000	50539.8   	0.900000	50539.8   	0.900000	50539.9   	0.900000	613.075   	0.900000	582.818   	0.900000	1646.82   	0.900000	2331.04   	0.900000	1558.22   	
1.000000	57555.8   	1.000000	57555.8   	1.000000	59614.6   	1.000000	59614.6   	1.000000	59614.7   	1.000000	735.258   	1.000000	690.249   	1.000000	1895.13   	1.000000	2653.45   	1.000000	1796.91   	
1.250000	82275     	1.250000	82275     	1.250000	85150     	1.250000	85150     	1.250000	85150.1   	1.250000	1082.43   	1.250000	986.571   	1.250000	2583.03   	1.250000	3534.47   	1.250000	2461.54   	
1.500000	110780    	1.500000	110780    	1.500000	114579    	1.500000	114579    	1.500000	114579    	1.500000	1486.44   	1.500000	1318.18   	1.500000	3362.57   	1.500000	4516.76   	1.500000	3218.74   	
1.750000	142947    	1.750000	142947    	1.750000	147738    	1.750000	147738    	1.750000	147738    	1.750000	1945.1    	1.750000	1682.02   	1.750000	4226.65   	1.750000	5594.84   	1.750000	4064.7    	
2.000000	178672    	2.000000	178672    	2.000000	184507    	2.000000	184507    	2.000000	184507    	2.000000	2457.05   	2.000000	2076.33   	2.000000	5175.04   	2.000000	6761.9    	2.000000	4996.57   	
2.250000	217874    	2.250000	217874    	2.250000	224791    	2.250000	224791    	2.250000	224791    	2.250000	3021.35   	2.250000	2499.99   	2.250000	6206.03   	2.250000	8014.45   	2.250000	6012.11   	
2.500000	260546    	2.500000	260479    	2.500000	268518    	2.500000	268518    	2.500000	268518    	2.500000	3637.32   	2.500000	2952.21   	2.500000	7317.97   	2.500000	9353.04   	2.500000	7094.22   	
3.000000	359949    	3.000000	355659    	3.000000	366058    	3.000000	366058    	3.000000	366058    	3.000000	5022.22   	3.000000	3940.1    	3.000000	9779.06   	3.000000	12279.8   	3.000000	9486.94   	
3.500000	472772    	3.500000	463795    	3.500000	476733    	3.500000	476733    	3.500000	476733    	3.500000	6608.43   	3.500000	5036.31   	3.500000	12549.4   	3.500000	15528.5   	3.500000	12193.2   	
4.000000	598723    	4.000000	584546    	4.000000	600237    	4.000000	600237    	4.000000	600237    	4.000000	8393.45   	4.000000	6238      	4.000000	15620.3   	4.000000	19086.4   	4.000000	15206.2   	
4.500000	737552    	4.500000	717632    	4.500000	736326    	4.500000	736326    	4.500000	736326    	4.500000	10375.3   	4.500000	7542.83   	4.500000	18969.7   	4.500000	22925.2   	4.500000	18520.5   	
5.000000	889043    	5.000000	862811    	5.000000	884792    	5.000000	884792    	5.000000	884792    	5.000000	12552.1   	5.000000	8948.83   	5.000000	22613     	5.000000	27062     	5.000000	22131.6   	
5.500000	1.053e+06 	5.500000	1.01987e+06	5.500000	1.04546e+06	5.500000	1.04546e+06	5.500000	1.04546e+06	5.500000	14922.5   	5.500000	10454.3   	5.500000	26546.4   	5.500000	31490.8   	5.500000	26036.1   	
6.000000	1.22927e+06	6.000000	1.18863e+06	6.000000	1.21817e+06	6.000000	1.21817e+06	6.000000	1.21817e+06	6.000000	17485     	6.000000	12057.7   	6.000000	30766.7   	6.000000	36206.3   	6.000000	30230.6   	
6.500000	1.41768e+06	6.500000	1.36892e+06	6.500000	1.40279e+06	6.500000	1.40279e+06	6.500000	1.40279e+06	6.500000	20238.6   	6.500000	13757.6   	6.500000	35271.2   	6.500000	41203.8   	6.500000	34712.4   	
7.000000	1.61809e+06	7.000000	1.5606e+06	7.000000	1.59919e+06	7.000000	1.59919e+06	7.000000	1.59919e+06	7.000000	23182     	7.000000	15552.9   	7.000000	40057.2   	7.000000	46479.1   	7.000000	39479.2   	
7.500000	1.83037e+06	7.500000	1.76353e+06	7.500000	1.80727e+06	7.500000	1.80727e+06	7.500000	1.80727e+06	7.500000	26314.3   	7.500000	17442.5   	7.500000	45122.5   	7.500000	52028.5   	7.500000	44528.8   	
8.000000	2.0544e+06	8.000000	1.97757e+06	8.000000	2.02692e+06	8.000000	2.02692e+06	8.000000	2.02692e+06	8.000000	29634.6   	8.000000	19425.2   	8.000000	50465.2   	8.000000	57848.7   	8.000000	49859.2   	
8.500000	2.29006e+06	8.500000	2.20263e+06	8.500000	2.25804e+06	8.500000	2.25804e+06	8.500000	2.25804e+06	8.500000	33142     	8.500000	21500.4   	8.500000	56083.4   	8.500000	63936.7   	8.500000	55468.8   	
9.000000	2.53726e+06	9.000000	2.4386e+06	9.000000	2.50056e+06	9.000000	2.50056e+06	9.000000	2.50056e+06	9.000000	36835.8   	9.000000	23667.2   	9.000000	61975.4   	9.000000	70289.6   	9.000000	61355.8   	
9.500000	2.79587e+06	9.500000	2.68537e+06	9.500000	2.75438e+06	9.500000	2.75438e+06	9.500000	2.75438e+06	9.500000	40715.1   	9.500000	25924.4   	9.500000	68139.7   	9.500000	76904.8   	9.500000	67518.9   	
10.000000	3.06582e+06	10.000000	2.94306e+06	10.000000	3.01944e+06	10.000000	3.01944e+06	10.000000	3.01944e+06	10.000000	44779.4   	10.000000	28270.8   	10.000000	74574.9   	10.000000	83780     	10.000000	73956.6   	
11.000000	3.63934e+06	11.000000	3.50273e+06	11.000000	3.5833e+06	11.000000	3.5833e+06	11.000000	3.58332e+06	11.000000	53474.5   	11.000000	33236.9   	11.000000	88262.5   	11.000000	98311.5   	11.000000	87661.2   	
12.000000	4.25713e+06	12.000000	4.10624e+06	12.000000	4.19192e+06	12.000000	4.19191e+06	12.000000	4.192e+06 	12.000000	62927.3   	12.000000	38569.3   	12.000000	103038    	12.000000	113877    	12.000000	102470    	
13.000000	4.91856e+06	13.000000	4.75305e+06	13.000000	4.84481e+06	13.000000	4.84479e+06	13.000000	4.84495e+06	13.000000	73129     	13.000000	44260.2   	13.000000	118893    	13.000000	130463    	13.000000	118375    	
14.000000	5.62305e+06	14.000000	5.44265e+06	14.000000	5.54148e+06	14.000000	5.54146e+06	14.000000	5.54172e+06	14.000000	84071.5   	14.000000	50300.9   	14.000000	135818    	14.000000	148054    	14.000000	135367    	
15.000000	6.37005e+06	15.000000	6.17458e+06	15.000000	6.2815e+06	15.000000	6.28147e+06	15.000000	6.28185e+06	15.000000	95746.9   	15.000000	56687.9   	15.000000	153804    	15.000000	166637    	15.000000	153439    	
16.000000	7.15905e+06	16.000000	6.94838e+06	16.000000	7.06439e+06	16.000000	7.06437e+06	16.000000	7.06489e+06	16.000000	108147    	16.000000	63416.3   	16.000000	172842    	16.000000	186199    	16.000000	172582    	
17.000000	7.98957e+06	17.000000	7.76364e+06	17.000000	7.88971e+06	17.000000	7.88972e+06	17.000000	7.89038e+06	17.000000	121264    	17.000000	70477.3   	17.000000	192923    	17.000000	206727    	17.000000	192787    	
18.000000	8.86117e+06	18.000000	8.61994e+06	18.000000	8.757e+06 	18.000000	8.75705e+06	18.000000	8.7579e+06	18.000000	135088    	18.000000	77863.7   	18.000000	214038    	18.000000	228208    	18.000000	214045    	
19.000000	9.77339e+06	19.000000	9.51692e+06	19.000000	9.66583e+06	19.000000	9.66595e+06	19.000000	9.66699e+06	19.000000	149610    	19.000000	85570.3   	19.000000	236176    	19.000000	250629    	19.000000	236346    	
20.000000	1.07258e+07	20.000000	1.04542e+07	20.000000	1.06158e+07	20.000000	1.06159e+07	20.000000	1.06172e+07	20.000000	164821    	20.000000	93591.3   	20.000000	259326    	20.000000	273976    	20.000000	259682    	
21.000000	1.17181e+07	21.000000	1.14314e+07	21.000000	1.16063e+07	21.000000	1.16066e+07	21.000000	1.16081e+07	21.000000	180710    	21.000000	101920    	21.000000	283478    	21.000000	298237    	21.000000	284040    	
22.000000	1.27498e+07	22.000000	1.24483e+07	22.000000	1.26371e+07	22.000000	1.26374e+07	22.000000	1.26392e+07	22.000000	197267    	22.000000	110552    	22.000000	308621    	22.000000	323398    	22.000000	309411    	
23.000000	1.38206e+07	23.000000	1.35044e+07	23.000000	1.37076e+07	23.000000	1.3708e+07	23.000000	1.37101e+07	23.000000	214480    	23.000000	119480    	23.000000	334743    	23.000000	349447    	23.000000	335784    	
24.000000	1.49302e+07	24.000000	1.45995e+07	24.000000	1.48173e+07	24.000000	1.48179e+07	24.000000	1.48202e+07	24.000000	232338    	24.000000	128695    	24.000000	361831    	24.000000	376368    	24.000000	363147    	
25.000000	1.60781e+07	25.000000	1.57332e+07	25.000000	1.59657e+07	25.000000	1.59665e+07	25.000000	1.59691e+07	25.000000	250830    	25.000000	138190    	25.000000	389874    	25.000000	404149    	25.000000	391488    	
27.000000	1.84879e+07	27.000000	1.81155e+07	27.000000	1.83769e+07	27.000000	1.83782e+07	27.000000	1.83815e+07	27.000000	289661    	27.000000	157991    	27.000000	448769    	27.000000	462235    	27.000000	451055    	
29.000000	2.10476e+07	29.000000	2.0649e+07	29.000000	2.09372e+07	29.000000	2.09392e+07	29.000000	2.09433e+07	29.000000	330870    	29.000000	178844    	29.000000	511322    	29.000000	523588    	29.000000	514379    	
31.000000	2.37547e+07	31.000000	2.33316e+07	31.000000	2.36431e+07	31.000000	2.36459e+07	31.000000	2.36507e+07	31.000000	374367    	31.000000	200702    	31.000000	577429    	31.000000	588104    	31.000000	581365    	
33.000000	2.66072e+07	33.000000	2.61612e+07	33.000000	2.6494e+07	33.000000	2.64976e+07	33.000000	2.65032e+07	33.000000	420199    	33.000000	223573    	33.000000	647080    	33.000000	655764    	33.000000	652005    	
35.000000	2.96029e+07	35.000000	2.91359e+07	35.000000	2.94885e+07	35.000000	2.9493e+07	35.000000	2.94993e+07	35.000000	468352    	35.000000	247456    	35.000000	720235    	35.000000	726520    	35.000000	726265    	
38.000000	3.43609e+07	38.000000	3.38659e+07	38.000000	3.42452e+07	38.000000	3.42512e+07	38.000000	3.42585e+07	38.000000	544863    	38.000000	285156    	38.000000	836429    	38.000000	838349    	38.000000	844344    	
41.000000	3.94304e+07	41.000000	3.89122e+07	41.000000	3.93143e+07	41.000000	3.93224e+07	41.000000	3.93307e+07	41.000000	626418    	41.000000	325029    	41.000000	960240    	41.000000	956868    	41.000000	970326    	
44.000000	4.48057e+07	44.000000	4.42691e+07	44.000000	4.46909e+07	44.000000	4.47012e+07	44.000000	4.47103e+07	44.000000	712912    	44.000000	367030    	44.000000	1.09152e+06	44.000000	1.08193e+06	44.000000	1.10408e+06	
47.000000	5.04812e+07	47.000000	4.99313e+07	47.000000	5.03696e+07	47.000000	5.03823e+07	47.000000	5.03922e+07	47.000000	804245    	47.000000	411112    	47.000000	1.23013e+06	47.000000	1.21339e+06	47.000000	1.24548e+06	
50.000000	5.64518e+07	50.000000	5.58936e+07	50.000000	5.63456e+07	50.000000	5.63608e+07	50.000000	5.63714e+07	50.000000	900317    	50.000000	457234    	50.000000	1.37594e+06	50.000000	1.35111e+06	50.000000	1.39441e+06	
55.000000	6.70452e+07	55.000000	6.64846e+07	55.000000	6.69536e+07	55.000000	6.6973e+07	55.000000	6.69845e+07	55.000000	1.07071e+06	55.000000	538524    	55.000000	1.6346e+06	55.000000	1.59426e+06	55.000000	1.65906e+06	
60.000000	7.84233e+07	60.000000	7.78744e+07	60.000000	7.83538e+07	60.000000	7.83777e+07	60.000000	7.83899e+07	60.000000	1.25358e+06	60.000000	625188    	60.000000	1.91235e+06	60.000000	1.85396e+06	60.000000	1.94381e+06	
65.000000	9.05664e+07	65.000000	9.00428e+07	65.000000	9.05256e+07	65.000000	9.05557e+07	65.000000	9.05683e+07	65.000000	1.44851e+06	65.000000	716981    	65.000000	2.20864e+06	65.000000	2.12971e+06	65.000000	2.24822e+06	
70.000000	1.03456e+08	70.000000	1.02971e+08	70.000000	1.03452e+08	70.000000	1.03489e+08	70.000000	1.03502e+08	70.000000	1.65512e+06	70.000000	813795    	70.000000	2.52297e+06	70.000000	2.42106e+06	70.000000	2.57182e+06	
75.000000	1.17076e+08	75.000000	1.16641e+08	75.000000	1.17116e+08	75.000000	1.1716e+08	75.000000	1.17173e+08	75.000000	1.87303e+06	75.000000	915396    	75.000000	2.85488e+06	75.000000	2.72759e+06	75.000000	2.91422e+06	
80.000000	1.31409e+08	80.000000	1.31036e+08	80.000000	1.31502e+08	80.000000	1.31553e+08	80.000000	1.31565e+08	80.000000	2.10189e+06	80.000000	1.02171e+06	80.000000	3.20389e+06	80.000000	3.04889e+06	80.000000	3.275e+06 	
85.000000	1.46441e+08	85.000000	1.46139e+08	85.000000	1.46593e+08	85.000000	1.46652e+08	85.000000	1.46663e+08	85.000000	2.34135e+06	85.000000	1.13262e+06	85.000000	3.56957e+06	85.000000	3.3846e+06	85.000000	3.6538e+06	
90.000000	1.62157e+08	90.000000	1.61935e+08	90.000000	1.62376e+08	90.000000	1.62443e+08	90.000000	1.62453e+08	90.000000	2.59109e+06	90.000000	1.24793e+06	90.000000	3.9515e+06	90.000000	3.73436e+06	90.000000	4.05025e+06	
95.000000	1.78543e+08	95.000000	1.78409e+08	95.000000	1.78835e+08	95.000000	1.78911e+08	95.000000	1.7892e+08	95.000000	2.85078e+06	95.000000	1.36746e+06	95.000000	4.34928e+06	95.000000	4.0978e+06	95.000000	4.46397e+06	
100.000000	1.95588e+08	100.000000	1.95547e+08	100.000000	1.95955e+08	100.000000	1.96043e+08	100.000000	1.9605e+08	100.000000	3.12012e+06	100.000000	1.49111e+06	100.000000	4.7625e+06	100.000000	4.47463e+06	100.000000	4.89465e+06	
105.000000	2.13279e+08	105.000000	2.13334e+08	105.000000	2.13726e+08	105.000000	2.13825e+08	105.000000	2.1383e+08	105.000000	3.39881e+06	105.000000	1.61885e+06	105.000000	5.1908e+06	105.000000	4.86452e+06	105.000000	5.34196e+06	
110.000000	2.31604e+08	110.000000	2.31759e+08	110.000000	2.32135e+08	110.000000	2.32245e+08	110.000000	2.32247e+08	110.000000	3.68657e+06	110.000000	1.75058e+06	110.000000	5.6338e+06	110.000000	5.26717e+06	110.000000	5.80555e+06	
115.000000	2.50551e+08	115.000000	2.50808e+08	115.000000	2.51169e+08	115.000000	2.5129e+08	115.000000	2.5129e+08	115.000000	3.98313e+06	115.000000	1.88617e+06	115.000000	6.09116e+06	115.000000	5.68231e+06	115.000000	6.28515e+06	
120.000000	2.70111e+08	120.000000	2.70469e+08	120.000000	2.70816e+08	120.000000	2.7095e+08	120.000000	2.70946e+08	120.000000	4.28821e+06	120.000000	2.02543e+06	120.000000	6.56253e+06	120.000000	6.10965e+06	120.000000	6.78043e+06	
125.000000	2.90274e+08	125.000000	2.9073e+08	125.000000	2.91065e+08	125.000000	2.91211e+08	125.000000	2.91205e+08	125.000000	4.60156e+06	125.000000	2.16826e+06	125.000000	7.04758e+06	125.000000	6.54893e+06	125.000000	7.29112e+06	
130.000000	3.11028e+08	130.000000	3.1158e+08	130.000000	3.11906e+08	130.000000	3.12064e+08	130.000000	3.12054e+08	130.000000	4.92293e+06	130.000000	2.3147e+06	130.000000	7.54598e+06	130.000000	6.99988e+06	130.000000	7.81692e+06	
135.000000	3.32366e+08	135.000000	3.33007e+08	135.000000	3.33326e+08	135.000000	3.33498e+08	135.000000	3.33483e+08	135.000000	5.25207e+06	135.000000	2.46464e+06	135.000000	8.05742e+06	135.000000	7.46227e+06	135.000000	8.35757e+06	
140.000000	3.54277e+08	140.000000	3.55001e+08	140.000000	3.55316e+08	140.000000	3.55501e+08	140.000000	3.55482e+08	140.000000	5.58876e+06	140.000000	2.61792e+06	140.000000	8.5816e+06	140.000000	7.93585e+06	140.000000	8.91278e+06	
145.000000	3.76754e+08	145.000000	3.77551e+08	145.000000	3.77863e+08	145.000000	3.78064e+08	145.000000	3.7804e+08	145.000000	5.93277e+06	145.000000	2.77446e+06	145.000000	9.11823e+06	145.000000	8.42039e+06	145.000000	9.48231e+06	
150.000000	3.99787e+08	150.000000	4.00647e+08	150.000000	4.0096e+08	150.000000	4.01177e+08	150.000000	4.01148e+08	150.000000	6.28388e+06	150.000000	2.9342e+06	150.000000	9.667e+06 	150.000000	8.91566e+06	150.000000	1.00659e+07	
155.000000	4.31438e+08	155.000000	4.2428e+08	155.000000	4.24596e+08	155.000000	4.24831e+08	155.000000	4.24796e+08	155.000000	6.64187e+06	155.000000	3.09707e+06	155.000000	1.02277e+07	155.000000	9.42145e+06	155.000000	1.06633e+07	
160.000000	4.64052e+08	160.000000	4.4844e+08	160.000000	4.48763e+08	160.000000	4.49015e+08	160.000000	4.48975e+08	160.000000	7.00654e+06	160.000000	3.263e+06 	160.000000	1.07999e+07	160.000000	9.93754e+06	160.000000	1.12742e+07	
165.000000	4.97342e+08	165.000000	4.73117e+08	165.000000	4.73452e+08	165.000000	4.73721e+08	165.000000	4.73675e+08	165.000000	7.37768e+06	165.000000	3.43195e+06	165.000000	1.13835e+07	165.000000	1.04637e+07	165.000000	1.18985e+07	
170.000000	5.31294e+08	170.000000	4.98303e+08	170.000000	4.98653e+08	170.000000	4.98941e+08	170.000000	4.98888e+08	170.000000	7.75511e+06	170.000000	3.60381e+06	170.000000	1.19781e+07	170.000000	1.09998e+07	170.000000	1.25359e+07	
175.000000	5.65899e+08	175.000000	5.23989e+08	175.000000	5.24359e+08	175.000000	5.24664e+08	175.000000	5.24605e+08	175.000000	8.13863e+06	175.000000	3.77841e+06	175.000000	1.25836e+07	175.000000	1.15456e+07	175.000000	1.31861e+07	
180.000000	6.01145e+08	180.000000	5.50166e+08	180.000000	5.50559e+08	180.000000	5.50883e+08	180.000000	5.50817e+08	180.000000	8.52806e+06	180.000000	3.95577e+06	180.000000	1.31997e+07	180.000000	1.21009e+07	180.000000	1.3849e+07	
185.000000	6.37021e+08	185.000000	5.76826e+08	185.000000	5.77248e+08	185.000000	5.7759e+08	185.000000	5.77516e+08	185.000000	8.92323e+06	185.000000	4.1359e+06	185.000000	1.38261e+07	185.000000	1.26655e+07	185.000000	1.45242e+07	
190.000000	6.73517e+08	190.000000	6.03961e+08	190.000000	6.04415e+08	190.000000	6.04777e+08	190.000000	6.04695e+08	190.000000	9.32395e+06	190.000000	4.31865e+06	190.000000	1.44626e+07	190.000000	1.32393e+07	190.000000	1.52117e+07	
195.000000	7.10624e+08	195.000000	6.31564e+08	195.000000	6.32054e+08	195.000000	6.32435e+08	195.000000	6.32345e+08	195.000000	9.73007e+06	195.000000	4.50394e+06	195.000000	1.5109e+07	195.000000	1.3822e+07	195.000000	1.59113e+07	
200.000000	7.4833e+08	200.000000	6.59625e+08	200.000000	6.60157e+08	200.000000	6.60557e+08	200.000000	6.60459e+08	200.000000	1.01414e+07	200.000000	4.69181e+06	200.000000	1.5765e+07	200.000000	1.44135e+07	200.000000	1.66226e+07	
210.000000	8.25507e+08	210.000000	7.17097e+08	210.000000	7.17721e+08	210.000000	7.18164e+08	210.000000	7.18047e+08	210.000000	1.09791e+07	210.000000	5.07506e+06	210.000000	1.71052e+07	210.000000	1.56223e+07	210.000000	1.80798e+07	
220.000000	9.04973e+08	220.000000	7.76318e+08	220.000000	7.77047e+08	220.000000	7.77538e+08	220.000000	7.77402e+08	220.000000	1.18359e+07	220.000000	5.46764e+06	220.000000	1.84815e+07	220.000000	1.68643e+07	220.000000	1.95818e+07	
230.000000	9.8666e+08	230.000000	8.37234e+08	230.000000	8.38085e+08	230.000000	8.38624e+08	230.000000	8.38468e+08	230.000000	1.27107e+07	230.000000	5.86924e+06	230.000000	1.98923e+07	230.000000	1.81383e+07	230.000000	2.11272e+07	
240.000000	1.0705e+09	240.000000	8.99791e+08	240.000000	9.0078e+08	240.000000	9.0137e+08	240.000000	9.01192e+08	240.000000	1.36022e+07	240.000000	6.27951e+06	240.000000	2.1336e+07	240.000000	1.94431e+07	240.000000	2.27146e+07	
250.000000	1.15643e+09	250.000000	9.6394e+08	250.000000	9.65082e+08	250.000000	9.65724e+08	250.000000	9.65522e+08	250.000000	1.45095e+07	250.000000	6.69812e+06	250.000000	2.28113e+07	250.000000	2.07776e+07	250.000000	2.43425e+07	
260.000000	1.24439e+09	260.000000	1.02963e+09	260.000000	1.03094e+09	260.000000	1.03164e+09	260.000000	1.03141e+09	260.000000	1.54317e+07	260.000000	7.12479e+06	260.000000	2.43167e+07	260.000000	2.21408e+07	260.000000	2.60096e+07	
270.000000	1.33433e+09	270.000000	1.09682e+09	270.000000	1.09831e+09	270.000000	1.09906e+09	270.000000	1.09881e+09	270.000000	1.63677e+07	270.000000	7.5592e+06	270.000000	2.58509e+07	270.000000	2.35315e+07	270.000000	2.77146e+07	
280.000000	1.42618e+09	280.000000	1.16547e+09	280.000000	1.16715e+09	280.000000	1.16795e+09	280.000000	1.16767e+09	280.000000	1.73168e+07	280.000000	8.00114e+06	280.000000	2.74126e+07	280.000000	2.49488e+07	280.000000	2.94564e+07	
290.000000	1.51989e+09	290.000000	1.23552e+09	290.000000	1.23741e+09	290.000000	1.23827e+09	290.000000	1.23796e+09	290.000000	1.8278e+07	290.000000	8.45008e+06	290.000000	2.90007e+07	290.000000	2.63917e+07	290.000000	3.12337e+07	
300.000000	1.61542e+09	300.000000	1.30694e+09	300.000000	1.30905e+09	300.000000	1.30996e+09	300.000000	1.30963e+09	300.000000	1.92507e+07	300.000000	8.90563e+06	300.000000	3.06139e+07	300.000000	2.78594e+07	300.000000	3.30453e+07	
310.000000	1.71272e+09	310.000000	1.3797e+09	310.000000	1.38202e+09	310.000000	1.383e+09 	310.000000	1.38263e+09	310.000000	2.0234e+07	310.000000	9.36791e+06	310.000000	3.22512e+07	310.000000	2.9351e+07	310.000000	3.48903e+07	
320.000000	1.81173e+09	320.000000	1.45375e+09	320.000000	1.4563e+09	320.000000	1.45734e+09	320.000000	1.45694e+09	320.000000	2.12273e+07	320.000000	9.83651e+06	320.000000	3.39115e+07	320.000000	3.08655e+07	320.000000	3.67674e+07	
330.000000	1.91241e+09	330.000000	1.52905e+09	330.000000	1.53183e+09	330.000000	1.53294e+09	330.000000	1.53251e+09	330.000000	2.22298e+07	330.000000	1.03109e+07	330.000000	3.55938e+07	330.000000	3.24023e+07	330.000000	3.86757e+07	
340.000000	2.01472e+09	340.000000	1.60558e+09	340.000000	1.6086e+09	340.000000	1.60978e+09	340.000000	1.60932e+09	340.000000	2.3241e+07	340.000000	1.0791e+07	340.000000	3.7297e+07	340.000000	3.39605e+07	340.000000	4.06143e+07	
350.000000	2.11862e+09	350.000000	1.68329e+09	350.000000	1.68656e+09	350.000000	1.68781e+09	350.000000	1.68731e+09	350.000000	2.42603e+07	350.000000	1.1277e+07	350.000000	3.90203e+07	350.000000	3.55393e+07	350.000000	4.2582e+07	
360.000000	2.22406e+09	360.000000	1.76217e+09	360.000000	1.76568e+09	360.000000	1.767e+09 	360.000000	1.76646e+09	360.000000	2.5287e+07	360.000000	1.17686e+07	360.000000	4.07628e+07	360.000000	3.71381e+07	360.000000	4.4578e+07	
370.000000	2.33101e+09	370.000000	1.84216e+09	370.000000	1.84593e+09	370.000000	1.84731e+09	370.000000	1.84675e+09	370.000000	2.63206e+07	370.000000	1.22655e+07	370.000000	4.25236e+07	370.000000	3.87562e+07	370.000000	4.66014e+07	
380.000000	2.43943e+09	380.000000	1.92326e+09	380.000000	1.92727e+09	380.000000	1.92873e+09	380.000000	1.92813e+09	380.000000	2.73607e+07	380.000000	1.27674e+07	380.000000	4.43019e+07	380.000000	4.03929e+07	380.000000	4.86514e+07	
390.000000	2.54928e+09	390.000000	2.00541e+09	390.000000	2.00969e+09	390.000000	2.01122e+09	390.000000	2.01057e+09	390.000000	2.84067e+07	390.000000	1.32741e+07	390.000000	4.60969e+07	390.000000	4.20476e+07	390.000000	5.07271e+07	
400.000000	2.66053e+09	400.000000	2.08861e+09	400.000000	2.09314e+09	400.000000	2.09474e+09	400.000000	2.09406e+09	400.000000	2.94583e+07	400.000000	1.37856e+07	400.000000	4.79079e+07	400.000000	4.37196e+07	400.000000	5.28277e+07	
410.000000	2.77315e+09	410.000000	2.17282e+09	410.000000	2.1776e+09	410.000000	2.17928e+09	410.000000	2.17855e+09	410.000000	3.05148e+07	410.000000	1.43017e+07	410.000000	4.97342e+07	410.000000	4.54083e+07	410.000000	5.49524e+07	
420.000000	2.88709e+09	420.000000	2.25801e+09	420.000000	2.26305e+09	420.000000	2.2648e+09	420.000000	2.26403e+09	420.000000	3.1576e+07	420.000000	1.48221e+07	420.000000	5.15749e+07	420.000000	4.71131e+07	420.000000	5.71005e+07	
430.000000	3.00233e+09	430.000000	2.34417e+09	430.000000	2.34945e+09	430.000000	2.35128e+09	430.000000	2.35047e+09	430.000000	3.26414e+07	430.000000	1.53464e+07	430.000000	5.34295e+07	430.000000	4.88336e+07	430.000000	5.92711e+07	
440.000000	3.11884e+09	440.000000	2.43125e+09	440.000000	2.43678e+09	440.000000	2.43868e+09	440.000000	2.43783e+09	440.000000	3.37106e+07	440.000000	1.58746e+07	440.000000	5.52973e+07	440.000000	5.05691e+07	440.000000	6.14637e+07	
450.000000	3.23658e+09	450.000000	2.51925e+09	450.000000	2.52503e+09	450.000000	2.527e+09 	450.000000	2.5261e+09	450.000000	3.47833e+07	450.000000	1.64069e+07	450.000000	5.71777e+07	450.000000	5.23191e+07	450.000000	6.36775e+07	
460.000000	3.35553e+09	460.000000	2.60814e+09	460.000000	2.61415e+09	460.000000	2.6162e+09	460.000000	2.61526e+09	460.000000	3.58591e+07	460.000000	1.69432e+07	460.000000	5.90701e+07	460.000000	5.40832e+07	460.000000	6.59118e+07	
470.000000	3.47566e+09	470.000000	2.69789e+09	470.000000	2.70413e+09	470.000000	2.70626e+09	470.000000	2.70528e+09	470.000000	3.69376e+07	470.000000	1.74835e+07	470.000000	6.0974e+07	470.000000	5.58608e+07	470.000000	6.8166e+07	
480.000000	3.59694e+09	480.000000	2.78849e+09	480.000000	2.79494e+09	480.000000	2.79716e+09	480.000000	2.79613e+09	480.000000	3.80187e+07	480.000000	1.80274e+07	480.000000	6.28887e+07	480.000000	5.76514e+07	480.000000	7.04394e+07	
490.000000	3.71935e+09	490.000000	2.87991e+09	490.000000	2.88657e+09	490.000000	2.88888e+09	490.000000	2.8878e+09	490.000000	3.9102e+07	490.000000	1.85746e+07	490.000000	6.48137e+07	490.000000	5.94546e+07	490.000000	7.27315e+07	
500.000000	3.84285e+09	500.000000	2.97213e+09	500.000000	2.97899e+09	500.000000	2.98139e+09	500.000000	2.98026e+09	500.000000	4.01872e+07	500.000000	1.91251e+07	500.000000	6.67486e+07	500.000000	6.127e+07 	500.000000	7.50417e+07	
520.000000	4.09305e+09	520.000000	3.15892e+09	520.000000	3.16614e+09	520.000000	3.16871e+09	520.000000	3.16749e+09	520.000000	4.23622e+07	520.000000	2.02358e+07	520.000000	7.06459e+07	520.000000	6.49355e+07	520.000000	7.97138e+07	
540.000000	4.34735e+09	540.000000	3.34868e+09	540.000000	3.35623e+09	540.000000	3.35899e+09	540.000000	3.35766e+09	540.000000	4.45417e+07	540.000000	2.13595e+07	540.000000	7.45769e+07	540.000000	6.86447e+07	540.000000	8.44515e+07	
560.000000	4.60557e+09	560.000000	3.54129e+09	560.000000	3.54911e+09	560.000000	3.55206e+09	560.000000	3.55062e+09	560.000000	4.67241e+07	560.000000	2.24946e+07	560.000000	7.85381e+07	560.000000	7.23945e+07	560.000000	8.92506e+07	
580.000000	4.86752e+09	580.000000	3.73661e+09	580.000000	3.74466e+09	580.000000	3.74779e+09	580.000000	3.74625e+09	580.000000	4.89075e+07	580.000000	2.36402e+07	580.000000	8.25264e+07	580.000000	7.6182e+07	580.000000	9.41072e+07	
600.000000	5.13305e+09	600.000000	3.9345e+09	600.000000	3.94274e+09	600.000000	3.94605e+09	600.000000	3.9444e+09	600.000000	5.10907e+07	600.000000	2.4796e+07	600.000000	8.65389e+07	600.000000	8.00044e+07	600.000000	9.90176e+07	
620.000000	5.402e+09 	620.000000	4.13487e+09	620.000000	4.14322e+09	620.000000	4.14672e+09	620.000000	4.14496e+09	620.000000	5.32722e+07	620.000000	2.59615e+07	620.000000	9.05728e+07	620.000000	8.38594e+07	620.000000	1.03978e+08	
640.000000	5.67421e+09	640.000000	4.33758e+09	640.000000	4.34599e+09	640.000000	4.34968e+09	640.000000	4.34781e+09	640.000000	5.54509e+07	640.000000	2.71361e+07	640.000000	9.46255e+07	640.000000	8.77445e+07	640.000000	1.08986e+08	
660.000000	5.94954e+09	660.000000	4.54253e+09	660.000000	4.55095e+09	660.000000	4.55483e+09	660.000000	4.55284e+09	660.000000	5.76257e+07	660.000000	2.83196e+07	660.000000	9.86948e+07	660.000000	9.16575e+07	660.000000	1.14038e+08	
680.000000	6.22786e+09	680.000000	4.74963e+09	680.000000	4.75798e+09	680.000000	4.76206e+09	680.000000	4.75994e+09	680.000000	5.97955e+07	680.000000	2.95113e+07	680.000000	1.02778e+08	680.000000	9.55962e+07	680.000000	1.19131e+08	
700.000000	6.50904e+09	700.000000	4.95876e+09	700.000000	4.967e+09 	700.000000	4.97127e+09	700.000000	4.96903e+09	700.000000	6.19596e+07	700.000000	3.07111e+07	700.000000	1.06874e+08	700.000000	9.95587e+07	700.000000	1.24262e+08	
720.000000	6.79294e+09	720.000000	5.16985e+09	720.000000	5.17789e+09	720.000000	5.18237e+09	720.000000	5.18001e+09	720.000000	6.41171e+07	720.000000	3.19187e+07	720.000000	1.10981e+08	720.000000	1.03543e+08	720.000000	1.2943e+08	
740.000000	7.07947e+09	740.000000	5.38281e+09	740.000000	5.39058e+09	740.000000	5.39527e+09	740.000000	5.39279e+09	740.000000	6.62674e+07	740.000000	3.31336e+07	740.000000	1.15096e+08	740.000000	1.07548e+08	740.000000	1.3463e+08	
760.000000	7.36849e+09	760.000000	5.59755e+09	760.000000	5.60498e+09	760.000000	5.60989e+09	760.000000	5.60728e+09	760.000000	6.84097e+07	760.000000	3.4355e+07	760.000000	1.19218e+08	760.000000	1.11571e+08	760.000000	1.39861e+08	
780.000000	7.65991e+09	780.000000	5.81398e+09	780.000000	5.82102e+09	780.000000	5.82615e+09	780.000000	5.82341e+09	780.000000	7.05436e+07	780.000000	3.55823e+07	780.000000	1.23346e+08	780.000000	1.15611e+08	780.000000	1.45121e+08	
800.000000	7.95361e+09	800.000000	6.03205e+09	800.000000	6.03863e+09	800.000000	6.04398e+09	800.000000	6.04111e+09	800.000000	7.26685e+07	800.000000	3.68154e+07	800.000000	1.27477e+08	800.000000	1.19666e+08	800.000000	1.50408e+08	
820.000000	8.2495e+09	820.000000	6.25167e+09	820.000000	6.25773e+09	820.000000	6.2633e+09	820.000000	6.2603e+09	820.000000	7.4784e+07	820.000000	3.80547e+07	820.000000	1.31612e+08	820.000000	1.23736e+08	820.000000	1.5572e+08	
840.000000	8.54748e+09	840.000000	6.47278e+09	840.000000	6.47825e+09	840.000000	6.48405e+09	840.000000	6.48092e+09	840.000000	7.68896e+07	840.000000	3.93001e+07	840.000000	1.35748e+08	840.000000	1.27818e+08	840.000000	1.61054e+08	
860.000000	8.84747e+09	860.000000	6.6953e+09	860.000000	6.70014e+09	860.000000	6.70616e+09	860.000000	6.7029e+09	860.000000	7.8985e+07	860.000000	4.05516e+07	860.000000	1.39885e+08	860.000000	1.31912e+08	860.000000	1.6641e+08	
880.000000	9.14937e+09	880.000000	6.91919e+09	880.000000	6.92333e+09	880.000000	6.92958e+09	880.000000	6.92618e+09	880.000000	8.107e+07 	880.000000	4.18086e+07	880.000000	1.44021e+08	880.000000	1.36016e+08	880.000000	1.71785e+08	
900.000000	9.45309e+09	900.000000	7.14437e+09	900.000000	7.14777e+09	900.000000	7.15424e+09	900.000000	7.1507e+09	900.000000	8.31441e+07	900.000000	4.3071e+07	900.000000	1.48156e+08	900.000000	1.40129e+08	900.000000	1.77178e+08	
920.000000	9.75857e+09	920.000000	7.3708e+09	920.000000	7.37339e+09	920.000000	7.38009e+09	920.000000	7.37641e+09	920.000000	8.52073e+07	920.000000	4.4338e+07	920.000000	1.52288e+08	920.000000	1.44251e+08	920.000000	1.82587e+08	
940.000000	1.00657e+10	940.000000	7.59841e+09	940.000000	7.60016e+09	940.000000	7.60708e+09	940.000000	7.60326e+09	940.000000	8.72592e+07	940.000000	4.56095e+07	940.000000	1.56417e+08	940.000000	1.4838e+08	940.000000	1.88011e+08	
960.000000	1.03744e+10	960.000000	7.82716e+09	960.000000	7.82801e+09	960.000000	7.83516e+09	960.000000	7.8312e+09	960.000000	8.92997e+07	960.000000	4.68852e+07	960.000000	1.60542e+08	960.000000	1.52515e+08	960.000000	1.93448e+08	
980.000000	1.06847e+10	980.000000	8.05699e+09	980.000000	8.05689e+09	980.000000	8.06427e+09	980.000000	8.06017e+09	980.000000	9.13286e+07	980.000000	4.81649e+07	980.000000	1.64662e+08	980.000000	1.56655e+08	980.000000	1.98898e+08	
1000.000000	1.09964e+10	1000.000000	8.28786e+09	1000.000000	8.28678e+09	1000.000000	8.29438e+09	1000.000000	8.29014e+09	1000.000000	9.33458e+07	1000.000000	4.94487e+07	1000.000000	1.68777e+08	1000.000000	1.608e+08 	1000.000000	2.04359e+08	
1020.000000	1.13095e+10	1020.000000	8.51971e+09	1020.000000	8.51761e+09	1020.000000	8.52545e+09	1020.000000	8.52106e+09	1020.000000	9.53513e+07	1020.000000	5.07364e+07	1020.000000	1.72885e+08	1020.000000	1.64949e+08	1020.000000	2.0983e+08	
1040.000000	1.16239e+10	1040.000000	8.75251e+09	1040.000000	8.74935e+09	1040.000000	8.75742e+09	1040.000000	8.75289e+09	1040.000000	9.73449e+07	1040.000000	5.20279e+07	1040.000000	1.76987e+08	1040.000000	1.69101e+08	1040.000000	2.15309e+08	
1060.000000	1.19396e+10	1060.000000	8.98622e+09	1060.000000	8.98197e+09	1060.000000	8.99026e+09	1060.000000	8.98558e+09	1060.000000	9.93265e+07	1060.000000	5.33231e+07	1060.000000	1.81082e+08	1060.000000	1.73255e+08	1060.000000	2.20797e+08	
1080.000000	1.22565e+10	1080.000000	9.22078e+09	1080.000000	9.21541e+09	1080.000000	9.22394e+09	1080.000000	9.21911e+09	1080.000000	1.01296e+08	1080.000000	5.46219e+07	1080.000000	1.85169e+08	1080.000000	1.7741e+08	1080.000000	2.26291e+08	
1100.000000	1.25745e+10	1100.000000	9.45617e+09	1100.000000	9.44965e+09	1100.000000	9.45841e+09	1100.000000	9.45343e+09	1100.000000	1.03254e+08	1100.000000	5.59242e+07	1100.000000	1.89247e+08	1100.000000	1.81567e+08	1100.000000	2.3179e+08	
1120.000000	1.28936e+10	1120.000000	9.69235e+09	1120.000000	9.68466e+09	1120.000000	9.69364e+09	1120.000000	9.68852e+09	1120.000000	1.05199e+08	1120.000000	5.72299e+07	1120.000000	1.93317e+08	1120.000000	1.85724e+08	1120.000000	2.37295e+08	
1140.000000	1.32138e+10	1140.000000	9.92927e+09	1140.000000	9.92039e+09	1140.000000	9.92961e+09	1140.000000	9.92434e+09	1140.000000	1.07133e+08	1140.000000	5.8539e+07	1140.000000	1.97378e+08	1140.000000	1.89881e+08	1140.000000	2.42804e+08	
1160.000000	1.35349e+10	1160.000000	1.01669e+10	1160.000000	1.01568e+10	1160.000000	1.01663e+10	1160.000000	1.01608e+10	1160.000000	1.09054e+08	1160.000000	5.98513e+07	1160.000000	2.0143e+08	1160.000000	1.94037e+08	1160.000000	2.48316e+08	
1180.000000	1.3857e+10	1180.000000	1.04052e+10	1180.000000	1.03939e+10	1180.000000	1.04036e+10	1180.000000	1.0398e+10	1180.000000	1.10963e+08	1180.000000	6.11668e+07	1180.000000	2.05472e+08	1180.000000	1.98192e+08	1180.000000	2.5383e+08	
1200.000000	1.41799e+10	1200.000000	1.06442e+10	1200.000000	1.06317e+10	1200.000000	1.06416e+10	1200.000000	1.06358e+10	1200.000000	1.12861e+08	1200.000000	6.24855e+07	1200.000000	2.09503e+08	1200.000000	2.02345e+08	1200.000000	2.59347e+08	
1220.000000	1.45037e+10	1220.000000	1.08838e+10	1220.000000	1.087e+10 	1220.000000	1.08801e+10	1220.000000	1.08743e+10	1220.000000	1.14746e+08	1220.000000	6.38071e+07	1220.000000	2.13525e+08	1220.000000	2.06496e+08	1220.000000	2.64864e+08	
1240.000000	1.48282e+10	1240.000000	1.1124e+10	1240.000000	1.11089e+10	1240.000000	1.11193e+10	1240.000000	1.11133e+10	1240.000000	1.16619e+08	1240.000000	6.51318e+07	1240.000000	2.17536e+08	1240.000000	2.10645e+08	1240.000000	2.70382e+08	
1260.000000	1.51535e+10	1260.000000	1.13647e+10	1260.000000	1.13484e+10	1260.000000	1.1359e+10	1260.000000	1.13529e+10	1260.000000	1.18481e+08	1260.000000	6.64594e+07	1260.000000	2.21535e+08	1260.000000	2.1479e+08	1260.000000	2.75899e+08	
1280.000000	1.54796e+10	1280.000000	1.1606e+10	1280.000000	1.15885e+10	1280.000000	1.15993e+10	1280.000000	1.1593e+10	1280.000000	1.20331e+08	1280.000000	6.77898e+07	1280.000000	2.25524e+08	1280.000000	2.18932e+08	1280.000000	2.81416e+08	
1300.000000	1.58062e+10	1300.000000	1.18477e+10	1300.000000	1.1829e+10	1300.000000	1.18401e+10	1300.000000	1.18336e+10	1300.000000	1.22168e+08	1300.000000	6.91231e+07	1300.000000	2.29502e+08	1300.000000	2.2307e+08	1300.000000	2.86931e+08	
1320.000000	1.61336e+10	1320.000000	1.209e+10 	1320.000000	1.207e+10 	1320.000000	1.20813e+10	1320.000000	1.20747e+10	1320.000000	1.23994e+08	1320.000000	7.04591e+07	1320.000000	2.33468e+08	1320.000000	2.27205e+08	1320.000000	2.92445e+08	
1340.000000	1.64615e+10	1340.000000	1.23327e+10	1340.000000	1.23115e+10	1340.000000	1.23231e+10	1340.000000	1.23163e+10	1340.000000	1.25809e+08	1340.000000	7.17978e+07	1340.000000	2.37422e+08	1340.000000	2.31334e+08	1340.000000	2.97955e+08	
1360.000000	1.67899e+10	1360.000000	1.25758e+10	1360.000000	1.25535e+10	1360.000000	1.25653e+10	1360.000000	1.25583e+10	1360.000000	1.27612e+08	1360.000000	7.31392e+07	1360.000000	2.41365e+08	1360.000000	2.35459e+08	1360.000000	3.03463e+08	
1380.000000	1.71189e+10	1380.000000	1.28194e+10	1380.000000	1.27959e+10	1380.000000	1.28079e+10	1380.000000	1.28008e+10	1380.000000	1.29403e+08	1380.000000	7.44832e+07	1380.000000	2.45295e+08	1380.000000	2.39579e+08	1380.000000	3.08968e+08	
1400.000000	1.74483e+10	1400.000000	1.30633e+10	1400.000000	1.30386e+10	1400.000000	1.30509e+10	1400.000000	1.30436e+10	1400.000000	1.31183e+08	1400.000000	7.58298e+07	1400.000000	2.49214e+08	1400.000000	2.43694e+08	1400.000000	3.14469e+08	
1420.000000	1.77782e+10	1420.000000	1.33076e+10	1420.000000	1.32818e+10	1420.000000	1.32943e+10	1420.000000	1.32869e+10	1420.000000	1.32952e+08	1420.000000	7.7179e+07	1420.000000	2.5312e+08	1420.000000	2.47803e+08	1420.000000	3.19965e+08	
1440.000000	1.81085e+10	1440.000000	1.35522e+10	1440.000000	1.35253e+10	1440.000000	1.35381e+10	1440.000000	1.35305e+10	1440.000000	1.34709e+08	1440.000000	7.85306e+07	1440.000000	2.57014e+08	1440.000000	2.51906e+08	1440.000000	3.25457e+08	
1460.000000	1.84392e+10	1460.000000	1.37972e+10	1460.000000	1.37692e+10	1460.000000	1.37822e+10	1460.000000	1.37745e+10	1460.000000	1.36455e+08	1460.000000	7.98847e+07	1460.000000	2.60896e+08	1460.000000	2.56003e+08	1460.000000	3.30944e+08	
1480.000000	1.87703e+10	1480.000000	1.40424e+10	1480.000000	1.40134e+10	1480.000000	1.40267e+10	1480.000000	1.40188e+10	1480.000000	1.3819e+08	1480.000000	8.12411e+07	1480.000000	2.64765e+08	1480.000000	2.60094e+08	1480.000000	3.36426e+08	
1500.000000	1.91017e+10	1500.000000	1.4288e+10	1500.000000	1.4258e+10	1500.000000	1.42715e+10	1500.000000	1.42635e+10	1500.000000	1.39914e+08	1500.000000	8.26e+07  	1500.000000	2.68621e+08	1500.000000	2.64178e+08	1500.000000	3.41901e+08	
1520.000000	1.94333e+10	1520.000000	1.45338e+10	1520.000000	1.45028e+10	1520.000000	1.45166e+10	1520.000000	1.45084e+10	1520.000000	1.41627e+08	1520.000000	8.39611e+07	1520.000000	2.72465e+08	1520.000000	2.68256e+08	1520.000000	3.47371e+08	
1540.000000	1.97653e+10	1540.000000	1.47799e+10	1540.000000	1.4748e+10	1540.000000	1.47621e+10	1540.000000	1.47537e+10	1540.000000	1.4333e+08	1540.000000	8.53246e+07	1540.000000	2.76297e+08	1540.000000	2.72326e+08	1540.000000	3.52835e+08	
1560.000000	2.00975e+10	1560.000000	1.50262e+10	1560.000000	1.49934e+10	1560.000000	1.50078e+10	1560.000000	1.49992e+10	1560.000000	1.45021e+08	1560.000000	8.66904e+07	1560.000000	2.80115e+08	1560.000000	2.7639e+08	1560.000000	3.58291e+08	
1580.000000	2.04299e+10	1580.000000	1.52727e+10	1580.000000	1.52392e+10	1580.000000	1.52537e+10	1580.000000	1.5245e+10	1580.000000	1.46702e+08	1580.000000	8.80585e+07	1580.000000	2.83921e+08	1580.000000	2.80447e+08	1580.000000	3.63741e+08	
1600.000000	2.07625e+10	1600.000000	1.55194e+10	1600.000000	1.54851e+10	1600.000000	1.55e+10  	1600.000000	1.54911e+10	1600.000000	1.48373e+08	1600.000000	8.94289e+07	1600.000000	2.87714e+08	1600.000000	2.84496e+08	1600.000000	3.69184e+08	
1620.000000	2.10952e+10	1620.000000	1.57663e+10	1620.000000	1.57314e+10	1620.000000	1.57464e+10	1620.000000	1.57374e+10	1620.000000	1.50033e+08	1620.000000	9.08015e+07	1620.000000	2.91495e+08	1620.000000	2.88537e+08	1620.000000	3.74619e+08	
1640.000000	2.14281e+10	1640.000000	1.60134e+10	1640.000000	1.59778e+10	1640.000000	1.59931e+10	1640.000000	1.5984e+10	1640.000000	1.51683e+08	1640.000000	9.21763e+07	1640.000000	2.95262e+08	1640.000000	2.92571e+08	1640.000000	3.80047e+08	
1660.000000	2.17612e+10	1660.000000	1.62606e+10	1660.000000	1.62245e+10	1660.000000	1.62401e+10	1660.000000	1.62307e+10	1660.000000	1.53323e+08	1660.000000	9.35534e+07	1660.000000	2.99017e+08	1660.000000	2.96597e+08	1660.000000	3.85467e+08	
1680.000000	2.20943e+10	1680.000000	1.6508e+10	1680.000000	1.64714e+10	1680.000000	1.64872e+10	1680.000000	1.64777e+10	1680.000000	1.54952e+08	1680.000000	9.49327e+07	1680.000000	3.02759e+08	1680.000000	3.00615e+08	1680.000000	3.90878e+08	
1700.000000	2.24275e+10	1700.000000	1.67555e+10	1700.000000	1.67184e+10	1700.000000	1.67345e+10	1700.000000	1.67249e+10	1700.000000	1.56572e+08	1700.000000	9.63142e+07	1700.000000	3.06487e+08	1700.000000	3.04625e+08	1700.000000	3.96282e+08	
1750.000000	2.32608e+10	1750.000000	1.73747e+10	1750.000000	1.7337e+10	1750.000000	1.73537e+10	1750.000000	1.73436e+10	1750.000000	1.60577e+08	1750.000000	9.9777e+07	1750.000000	3.15754e+08	1750.000000	3.14615e+08	1750.000000	4.09752e+08	
1800.000000	2.40941e+10	1800.000000	1.79945e+10	1800.000000	1.79565e+10	1800.000000	1.79739e+10	1800.000000	1.79634e+10	1800.000000	1.64523e+08	1800.000000	1.03252e+08	1800.000000	3.2494e+08	1800.000000	3.24552e+08	1800.000000	4.23168e+08	
1850.000000	2.49272e+10	1850.000000	1.86146e+10	1850.000000	1.8577e+10	1850.000000	1.8595e+10	1850.000000	1.85841e+10	1850.000000	1.68409e+08	1850.000000	1.06739e+08	1850.000000	3.34047e+08	1850.000000	3.34436e+08	1850.000000	4.36525e+08	
1900.000000	2.57597e+10	1900.000000	1.92349e+10	1900.000000	1.91982e+10	1900.000000	1.92169e+10	1900.000000	1.92056e+10	1900.000000	1.72238e+08	1900.000000	1.10237e+08	1900.000000	3.43075e+08	1900.000000	3.44265e+08	1900.000000	4.49822e+08	
1950.000000	2.65916e+10	1950.000000	1.98553e+10	1950.000000	1.98202e+10	1950.000000	1.98394e+10	1950.000000	1.98277e+10	1950.000000	1.76011e+08	1950.000000	1.13745e+08	1950.000000	3.52024e+08	1950.000000	3.54038e+08	1950.000000	4.63057e+08	
2000.000000	2.74225e+10	2000.000000	2.04756e+10	2000.000000	2.04427e+10	2000.000000	2.04625e+10	2000.000000	2.04505e+10	2000.000000	1.79729e+08	2000.000000	1.17264e+08	2000.000000	3.60896e+08	2000.000000	3.63755e+08	2000.000000	4.76229e+08	
2100.000000	2.90807e+10	2100.000000	2.17154e+10	2100.000000	2.1689e+10	2100.000000	2.17101e+10	2100.000000	2.16972e+10	2100.000000	1.87009e+08	2100.000000	1.24335e+08	2100.000000	3.78408e+08	2100.000000	3.83019e+08	2100.000000	5.02378e+08	
2200.000000	3.07326e+10	2200.000000	2.29534e+10	2200.000000	2.29365e+10	2200.000000	2.29589e+10	2200.000000	2.29452e+10	2200.000000	1.94087e+08	2200.000000	1.3145e+08	2200.000000	3.95619e+08	2200.000000	4.02053e+08	2200.000000	5.28261e+08	
2300.000000	3.23772e+10	2300.000000	2.41889e+10	2300.000000	2.41847e+10	2300.000000	2.42083e+10	2300.000000	2.41938e+10	2300.000000	2.00975e+08	2300.000000	1.38611e+08	2300.000000	4.12535e+08	2300.000000	4.20856e+08	2300.000000	5.53874e+08	
2400.000000	3.40132e+10	2400.000000	2.54211e+10	2400.000000	2.54331e+10	2400.000000	2.54579e+10	2400.000000	2.54426e+10	2400.000000	2.07681e+08	2400.000000	1.45816e+08	2400.000000	4.29165e+08	2400.000000	4.39429e+08	2400.000000	5.79212e+08	
2500.000000	3.56398e+10	2500.000000	2.66494e+10	2500.000000	2.66813e+10	2500.000000	2.67074e+10	2500.000000	2.66912e+10	2500.000000	2.14216e+08	2500.000000	1.53061e+08	2500.000000	4.45517e+08	2500.000000	4.57771e+08	2500.000000	6.04274e+08	
2600.000000	3.72561e+10	2600.000000	2.78734e+10	2600.000000	2.79289e+10	2600.000000	2.79562e+10	2600.000000	2.79393e+10	2600.000000	2.20588e+08	2600.000000	1.60345e+08	2600.000000	4.61599e+08	2600.000000	4.75886e+08	2600.000000	6.29062e+08	
2700.000000	3.88614e+10	2700.000000	2.90926e+10	2700.000000	2.91758e+10	2700.000000	2.92043e+10	2700.000000	2.91865e+10	2700.000000	2.26804e+08	2700.000000	1.67666e+08	2700.000000	4.77419e+08	2700.000000	4.93776e+08	2700.000000	6.53575e+08	
2800.000000	4.04551e+10	2800.000000	3.03066e+10	2800.000000	3.04215e+10	2800.000000	3.04513e+10	2800.000000	3.04327e+10	2800.000000	2.32873e+08	2800.000000	1.75026e+08	2800.000000	4.92984e+08	2800.000000	5.11443e+08	2800.000000	6.77815e+08	
2900.000000	4.20368e+10	2900.000000	3.15152e+10	2900.000000	3.1666e+10	2900.000000	3.16969e+10	2900.000000	3.16776e+10	2900.000000	2.38802e+08	2900.000000	1.82423e+08	2900.000000	5.08303e+08	2900.000000	5.28892e+08	2900.000000	7.01786e+08	
3000.000000	4.36059e+10	3000.000000	3.27181e+10	3000.000000	3.29091e+10	3000.000000	3.29412e+10	3000.000000	3.2921e+10	3000.000000	2.44597e+08	3000.000000	1.89858e+08	3000.000000	5.23384e+08	3000.000000	5.46126e+08	3000.000000	7.2549e+08	
3200.000000	4.67055e+10	3200.000000	3.51056e+10	3200.000000	3.53902e+10	3200.000000	3.54247e+10	3200.000000	3.5403e+10	3200.000000	2.55811e+08	3200.000000	2.04845e+08	3200.000000	5.5286e+08	3200.000000	5.79964e+08	3200.000000	7.72112e+08	
3400.000000	4.97518e+10	3400.000000	3.74679e+10	3400.000000	3.78641e+10	3400.000000	3.7901e+10	3400.000000	3.78776e+10	3400.000000	2.66561e+08	3400.000000	2.19986e+08	3400.000000	5.81469e+08	3400.000000	6.1299e+08	3400.000000	8.17714e+08	
3600.000000	5.27433e+10	3600.000000	3.98038e+10	3600.000000	4.03301e+10	3600.000000	4.03693e+10	3600.000000	4.03444e+10	3600.000000	2.76885e+08	3600.000000	2.35276e+08	3600.000000	6.09264e+08	3600.000000	6.45237e+08	3600.000000	8.62331e+08	
3800.000000	5.56795e+10	3800.000000	4.21128e+10	3800.000000	4.27878e+10	3800.000000	4.28292e+10	3800.000000	4.28028e+10	3800.000000	2.86821e+08	3800.000000	2.50712e+08	3800.000000	6.36294e+08	3800.000000	6.76738e+08	3800.000000	9.05999e+08	
4000.000000	5.856e+10 	4000.000000	4.43943e+10	4000.000000	4.52369e+10	4000.000000	4.52806e+10	4000.000000	4.52526e+10	4000.000000	2.96398e+08	4000.000000	2.66289e+08	4000.000000	6.62605e+08	4000.000000	7.07526e+08	4000.000000	9.48755e+08	
4200.000000	6.13849e+10	4200.000000	4.66481e+10	4200.000000	4.76772e+10	4200.000000	4.77231e+10	4200.000000	4.76936e+10	4200.000000	3.05645e+08	4200.000000	2.82003e+08	4200.000000	6.88239e+08	4200.000000	7.37631e+08	4200.000000	9.90634e+08	
4400.000000	6.41547e+10	4400.000000	4.88743e+10	4400.000000	5.01087e+10	4400.000000	5.01568e+10	4400.000000	5.01258e+10	4400.000000	3.14587e+08	4400.000000	2.97853e+08	4400.000000	7.13235e+08	4400.000000	7.67085e+08	4400.000000	1.03167e+09	
4600.000000	6.68698e+10	4600.000000	5.10729e+10	4600.000000	5.25312e+10	4600.000000	5.25816e+10	4600.000000	5.25491e+10	4600.000000	3.23244e+08	4600.000000	3.13835e+08	4600.000000	7.37628e+08	4600.000000	7.95915e+08	4600.000000	1.0719e+09	
4800.000000	6.9531e+10	4800.000000	5.3244e+10	4800.000000	5.4945e+10	4800.000000	5.49975e+10	4800.000000	5.49636e+10	4800.000000	3.31638e+08	4800.000000	3.29948e+08	4800.000000	7.61451e+08	4800.000000	8.2415e+08	4800.000000	1.11136e+09	
5000.000000	7.21392e+10	5000.000000	5.5388e+10	5000.000000	5.735e+10 	5000.000000	5.74047e+10	5000.000000	5.73693e+10	5000.000000	3.39786e+08	5000.000000	3.46191e+08	5000.000000	7.84735e+08	5000.000000	8.51815e+08	5000.000000	1.15007e+09	
5250.000000	7.53265e+10	5250.000000	5.80302e+10	5250.000000	6.03442e+10	5250.000000	6.04015e+10	5250.000000	6.03642e+10	5250.000000	3.4965e+08	5250.000000	3.66674e+08	5250.000000	8.13124e+08	5250.000000	8.85631e+08	5250.000000	1.19747e+09	
5500.000000	7.84345e+10	5500.000000	6.06312e+10	5500.000000	6.3325e+10	5500.000000	6.3385e+10	5500.000000	6.33459e+10	5500.000000	3.59183e+08	5500.000000	3.87353e+08	5500.000000	8.40765e+08	5500.000000	9.18639e+08	5500.000000	1.2438e+09	
6000.000000	8.44213e+10	6000.000000	6.57126e+10	6000.000000	6.9248e+10	6000.000000	6.93132e+10	6000.000000	6.92706e+10	6000.000000	3.77352e+08	6000.000000	4.29293e+08	6000.000000	8.93978e+08	6000.000000	9.82397e+08	6000.000000	1.33349e+09	
6500.000000	9.01172e+10	6500.000000	7.06389e+10	6500.000000	7.51214e+10	6500.000000	7.51917e+10	6500.000000	7.51455e+10	6500.000000	3.94463e+08	6500.000000	4.71989e+08	6500.000000	9.44696e+08	6500.000000	1.04339e+09	6500.000000	1.41953e+09	
7000.000000	9.554e+10 	7000.000000	7.54175e+10	7000.000000	8.09476e+10	7000.000000	8.10229e+10	7000.000000	8.09734e+10	7000.000000	4.10652e+08	7000.000000	5.15418e+08	7000.000000	9.93184e+08	7000.000000	1.10187e+09	7000.000000	1.50224e+09	
7500.000000	1.00707e+11	7500.000000	8.00555e+10	7500.000000	8.67291e+10	7500.000000	8.68094e+10	7500.000000	8.67564e+10	7500.000000	4.26031e+08	7500.000000	5.5956e+08	7500.000000	1.03967e+09	7500.000000	1.15808e+09	7500.000000	1.58192e+09	
8000.000000	1.05634e+11	8000.000000	8.45599e+10	8000.000000	9.24683e+10	8000.000000	9.25534e+10	8000.000000	9.24972e+10	8000.000000	4.40691e+08	8000.000000	6.04396e+08	8000.000000	1.08435e+09	8000.000000	1.21219e+09	8000.000000	1.6588e+09	
8500.000000	1.10337e+11	8500.000000	8.89375e+10	8500.000000	9.81673e+10	8500.000000	9.82572e+10	8500.000000	9.81977e+10	8500.000000	4.54709e+08	8500.000000	6.49908e+08	8500.000000	1.12738e+09	8500.000000	1.2644e+09	8500.000000	1.73313e+09	
9000.000000	1.14829e+11	9000.000000	9.31947e+10	9000.000000	1.03828e+11	9000.000000	1.03923e+11	9000.000000	1.0386e+11	9000.000000	4.6815e+08	9000.000000	6.96078e+08	9000.000000	1.16891e+09	9000.000000	1.31485e+09	9000.000000	1.80509e+09	
9500.000000	1.19125e+11	9500.000000	9.73377e+10	9500.000000	1.09453e+11	9500.000000	1.09552e+11	9500.000000	1.09486e+11	9500.000000	4.8107e+08	9500.000000	7.4289e+08	9500.000000	1.20906e+09	9500.000000	1.36367e+09	9500.000000	1.87485e+09	
10000.000000	1.23237e+11	10000.000000	1.01372e+11	10000.000000	1.15044e+11	10000.000000	1.15147e+11	10000.000000	1.15078e+11	10000.000000	4.93515e+08	10000.000000	7.90326e+08	10000.000000	1.24794e+09	10000.000000	1.41099e+09	10000.000000	1.94259e+09	
11000.000000	1.30952e+11	11000.000000	1.09136e+11	11000.000000	1.26128e+11	11000.000000	1.26241e+11	11000.000000	1.26166e+11	11000.000000	5.17142e+08	11000.000000	8.87015e+08	11000.000000	1.32228e+09	11000.000000	1.50153e+09	11000.000000	2.0725e+09	
12000.000000	1.38057e+11	12000.000000	1.16525e+11	12000.000000	1.37093e+11	12000.000000	1.37215e+11	12000.000000	1.37134e+11	12000.000000	5.39301e+08	12000.000000	9.86064e+08	12000.000000	1.39257e+09	12000.000000	1.58718e+09	12000.000000	2.19578e+09	
13000.000000	1.4462e+11	13000.000000	1.23575e+11	13000.000000	1.4795e+11	13000.000000	1.4808e+11	13000.000000	1.47993e+11	13000.000000	5.60203e+08	13000.000000	1.08737e+09	13000.000000	1.45932e+09	13000.000000	1.66854e+09	13000.000000	2.3132e+09	
14000.000000	1.50703e+11	14000.000000	1.30314e+11	14000.000000	1.58707e+11	14000.000000	1.58845e+11	14000.000000	1.58753e+11	14000.000000	5.80015e+08	14000.000000	1.19082e+09	14000.000000	1.52295e+09	14000.000000	1.74609e+09	14000.000000	2.42542e+09	
15000.000000	1.56355e+11	15000.000000	1.36768e+11	15000.000000	1.6937e+11	15000.000000	1.69517e+11	15000.000000	1.6942e+11	15000.000000	5.9887e+08	15000.000000	1.29627e+09	15000.000000	1.58382e+09	15000.000000	1.82024e+09	15000.000000	2.53298e+09	
16000.000000	1.61621e+11	16000.000000	1.42963e+11	16000.000000	1.79948e+11	16000.000000	1.80104e+11	16000.000000	1.80001e+11	16000.000000	6.16878e+08	16000.000000	1.40366e+09	16000.000000	1.6422e+09	16000.000000	1.89133e+09	16000.000000	2.63633e+09	
17000.000000	1.66541e+11	17000.000000	1.48916e+11	17000.000000	1.90445e+11	17000.000000	1.90611e+11	17000.000000	1.90503e+11	17000.000000	6.34132e+08	17000.000000	1.51293e+09	17000.000000	1.69834e+09	17000.000000	1.95965e+09	17000.000000	2.73587e+09	
18000.000000	1.71146e+11	18000.000000	1.54648e+11	18000.000000	2.00868e+11	18000.000000	2.01043e+11	18000.000000	2.0093e+11	18000.000000	6.50707e+08	18000.000000	1.62405e+09	18000.000000	1.75245e+09	18000.000000	2.02545e+09	18000.000000	2.83193e+09	
19000.000000	1.75467e+11	19000.000000	1.60174e+11	19000.000000	2.11222e+11	19000.000000	2.11405e+11	19000.000000	2.11288e+11	19000.000000	6.66668e+08	19000.000000	1.73698e+09	19000.000000	1.80471e+09	19000.000000	2.08895e+09	19000.000000	2.9248e+09	
20000.000000	1.7953e+11	20000.000000	1.65509e+11	20000.000000	2.21511e+11	20000.000000	2.21702e+11	20000.000000	2.2158e+11	20000.000000	6.82072e+08	20000.000000	1.85169e+09	20000.000000	1.85527e+09	20000.000000	2.15033e+09	20000.000000	3.01475e+09	
21000.000000	1.83356e+11	21000.000000	1.70665e+11	21000.000000	2.31738e+11	21000.000000	2.31937e+11	21000.000000	2.3181e+11	21000.000000	6.96966e+08	21000.000000	1.96814e+09	21000.000000	1.90426e+09	21000.000000	2.20976e+09	21000.000000	3.10199e+09	
22000.000000	1.86966e+11	22000.000000	1.75655e+11	22000.000000	2.41908e+11	22000.000000	2.42113e+11	22000.000000	2.41981e+11	22000.000000	7.11392e+08	22000.000000	2.08627e+09	22000.000000	1.9518e+09	22000.000000	2.26739e+09	22000.000000	3.18672e+09	
23000.000000	1.90378e+11	23000.000000	1.8049e+11	23000.000000	2.52022e+11	23000.000000	2.52234e+11	23000.000000	2.52098e+11	23000.000000	7.25387e+08	23000.000000	2.20606e+09	23000.000000	1.99801e+09	23000.000000	2.32334e+09	23000.000000	3.26912e+09	
24000.000000	1.93608e+11	24000.000000	1.85178e+11	24000.000000	2.62083e+11	24000.000000	2.62302e+11	24000.000000	2.62162e+11	24000.000000	7.38983e+08	24000.000000	2.32747e+09	24000.000000	2.04296e+09	24000.000000	2.37773e+09	24000.000000	3.34935e+09	
25000.000000	1.96669e+11	25000.000000	1.89729e+11	25000.000000	2.72094e+11	25000.000000	2.7232e+11	25000.000000	2.72175e+11	25000.000000	7.52208e+08	25000.000000	2.45035e+09	25000.000000	2.08675e+09	25000.000000	2.43066e+09	25000.000000	3.42754e+09	
26000.000000	1.99576e+11	26000.000000	1.94151e+11	26000.000000	2.82058e+11	26000.000000	2.8229e+11	26000.000000	2.82142e+11	26000.000000	7.65089e+08	26000.000000	2.57463e+09	26000.000000	2.12944e+09	26000.000000	2.48222e+09	26000.000000	3.50382e+09	
27000.000000	2.02338e+11	27000.000000	1.9845e+11	27000.000000	2.91976e+11	27000.000000	2.92215e+11	27000.000000	2.92062e+11	27000.000000	7.77647e+08	27000.000000	2.70034e+09	27000.000000	2.17111e+09	27000.000000	2.5325e+09	27000.000000	3.57831e+09	
28000.000000	2.04967e+11	28000.000000	2.02635e+11	28000.000000	3.01851e+11	28000.000000	3.02096e+11	28000.000000	3.01939e+11	28000.000000	7.89903e+08	28000.000000	2.82752e+09	28000.000000	2.21182e+09	28000.000000	2.58158e+09	28000.000000	3.65111e+09	
29000.000000	2.07472e+11	29000.000000	2.0671e+11	29000.000000	3.11683e+11	29000.000000	3.11935e+11	29000.000000	3.11775e+11	29000.000000	8.01876e+08	29000.000000	2.95615e+09	29000.000000	2.25161e+09	29000.000000	2.62951e+09	29000.000000	3.72231e+09	
30000.000000	2.09861e+11	30000.000000	2.10682e+11	30000.000000	3.21476e+11	30000.000000	3.21734e+11	30000.000000	3.2157e+11	30000.000000	8.13583e+08	30000.000000	3.0862e+09	30000.000000	2.29055e+09	30000.000000	2.67638e+09	30000.000000	3.79201e+09	
32000.000000	2.14323e+11	32000.000000	2.18337e+11	32000.000000	3.40949e+11	32000.000000	3.41218e+11	32000.000000	3.41047e+11	32000.000000	8.36255e+08	32000.000000	3.3504e+09	32000.000000	2.36603e+09	32000.000000	2.7671e+09	32000.000000	3.92718e+09	
34000.000000	2.18407e+11	34000.000000	2.25636e+11	34000.000000	3.60279e+11	34000.000000	3.60559e+11	34000.000000	3.60382e+11	34000.000000	8.58027e+08	34000.000000	3.61978e+09	34000.000000	2.43857e+09	34000.000000	2.85416e+09	34000.000000	4.05719e+09	
36000.000000	2.22159e+11	36000.000000	2.32613e+11	36000.000000	3.79477e+11	36000.000000	3.79768e+11	36000.000000	3.79585e+11	36000.000000	8.78988e+08	36000.000000	3.89405e+09	36000.000000	2.50845e+09	36000.000000	2.9379e+09	36000.000000	4.18251e+09	
38000.000000	2.25617e+11	38000.000000	2.39294e+11	38000.000000	3.98552e+11	38000.000000	3.98852e+11	38000.000000	3.98663e+11	38000.000000	8.99213e+08	38000.000000	4.17304e+09	38000.000000	2.57591e+09	38000.000000	3.0186e+09	38000.000000	4.30355e+09	
40000.000000	2.28813e+11	40000.000000	2.45706e+11	40000.000000	4.17511e+11	40000.000000	4.1782e+11	40000.000000	4.17627e+11	40000.000000	9.18769e+08	40000.000000	4.45663e+09	40000.000000	2.64114e+09	40000.000000	3.09653e+09	40000.000000	4.42067e+09	
42000.000000	2.31776e+11	42000.000000	2.51868e+11	42000.000000	4.36361e+11	42000.000000	4.36679e+11	42000.000000	4.36481e+11	42000.000000	9.37711e+08	42000.000000	4.74472e+09	42000.000000	2.70433e+09	42000.000000	3.17192e+09	42000.000000	4.53417e+09	
44000.000000	2.3453e+11	44000.000000	2.57801e+11	44000.000000	4.55108e+11	44000.000000	4.55434e+11	44000.000000	4.55232e+11	44000.000000	9.56088e+08	44000.000000	5.03722e+09	44000.000000	2.76563e+09	44000.000000	3.24494e+09	44000.000000	4.64432e+09	
46000.000000	2.37096e+11	46000.000000	2.63522e+11	46000.000000	4.73757e+11	46000.000000	4.74092e+11	46000.000000	4.73887e+11	46000.000000	9.73944e+08	46000.000000	5.33406e+09	46000.000000	2.82517e+09	46000.000000	3.31579e+09	46000.000000	4.75138e+09	
48000.000000	2.39491e+11	48000.000000	2.69044e+11	48000.000000	4.92315e+11	48000.000000	4.92658e+11	48000.000000	4.92449e+11	48000.000000	9.91317e+08	48000.000000	5.63516e+09	48000.000000	2.88309e+09	48000.000000	3.38461e+09	48000.000000	4.85554e+09	
50000.000000	2.41732e+11	50000.000000	2.74383e+11	50000.000000	5.10786e+11	50000.000000	5.11136e+11	50000.000000	5.10925e+11	50000.000000	1.00824e+09	50000.000000	5.9404e+09	50000.000000	2.93948e+09	50000.000000	3.45153e+09	50000.000000	4.957e+09 	
