! 2H range in H180C10F40
! apply ZOOM for details
Energy (MeV/u)1	0 - [He-base] F.Hubert et al, AD&ND Tables 46(1990)1	Energy (MeV/u)2	1 - [H -base] J.F.Ziegler et al,Pergamon Press,NY(low energy)	Energy (MeV/u)3	2 - ATIMA 1.2 LS-theory (recommended for high energy)	Energy (MeV/u)4	3 - ATIMA 1.2 without LS-correction	Energy (MeV/u)5	4 - ATIMA 1.4 H.Weick, improved mean charge formula for HI	Energy (MeV/u)6	5 - Range straggling - method [0] - LISE	Energy (MeV/u)7	6 - Range straggling - method [1] - Atima	Energy (MeV/u)8	7 - Lateral range - method [0] - LISE	Energy (MeV/u)9	8 - Lateral range - method [1] - Atima	Energy (MeV/u)10	9 - Lateral range - method [2] - PDG	
0.001000	209.995   	0.001000	209.995   	0.001000	186.635   	0.001000	186.635   	0.001000	186.681   	0.001000	0         	0.001000	0         	0.001000	2.24959   	0.001000	4.59806   	0.001000	2.23943   	
0.002000	419.989   	0.002000	419.989   	0.002000	373.27    	0.002000	373.27    	0.002000	373.362   	0.002000	15.914    	0.002000	15.914    	0.002000	6.58763   	0.002000	13.0086   	0.002000	6.89001   	
0.005000	907.84    	0.005000	907.84    	0.005000	827.761   	0.005000	827.761   	0.005000	827.901   	0.005000	18.5522   	0.005000	18.5522   	0.005000	22.3707   	0.005000	42.7854   	0.005000	24.3612   	
0.008000	1299.79   	0.008000	1299.79   	0.008000	1207.24   	0.008000	1207.24   	0.008000	1207.4    	0.008000	18.6507   	0.008000	18.6507   	0.008000	40.0259   	0.008000	75.3193   	0.008000	44.4116   	
0.010000	1532.1    	0.010000	1532.1    	0.010000	1436.56   	0.010000	1436.56   	0.010000	1436.73   	0.010000	18.9925   	0.010000	18.9925   	0.010000	52.3469   	0.010000	97.7623   	0.010000	58.5708   	
0.015000	2021.46   	0.015000	2021.46   	0.015000	1956.6    	0.015000	1956.6    	0.015000	1956.77   	0.015000	20.7634   	0.015000	20.7634   	0.015000	84.324    	0.015000	155.39    	0.015000	95.711    	
0.020000	2418.2    	0.020000	2418.2    	0.020000	2424.66   	0.020000	2424.66   	0.020000	2424.84   	0.020000	23.1885   	0.020000	23.1885   	0.020000	116.314   	0.020000	211.499   	0.020000	134.589   	
0.025000	2761.74   	0.025000	2761.74   	0.025000	2856.92   	0.025000	2856.92   	0.025000	2857.11   	0.025000	25.7747   	0.025000	25.7747   	0.025000	146.223   	0.025000	261.207   	0.025000	174.68    	
0.030000	3072.34   	0.030000	3072.34   	0.030000	3262.19   	0.030000	3262.19   	0.030000	3262.38   	0.030000	28.3174   	0.030000	28.3174   	0.030000	175.062   	0.030000	307.431   	0.030000	209.39    	
0.035000	3361.66   	0.035000	3361.66   	0.035000	3646.74   	0.035000	3646.74   	0.035000	3646.93   	0.035000	30.7558   	0.035000	30.7558   	0.035000	203.345   	0.035000	351.594   	0.035000	237.026   	
0.040000	3636.84   	0.040000	3636.84   	0.040000	4015.3    	0.040000	4015.3    	0.040000	4015.49   	0.040000	33.0849   	0.040000	33.0849   	0.040000	231.195   	0.040000	394.217   	0.040000	260.367   	
0.045000	3902.47   	0.045000	3902.47   	0.045000	4371.27   	0.045000	4371.27   	0.045000	4371.46   	0.045000	35.3143   	0.045000	35.3143   	0.045000	258.051   	0.045000	434.786   	0.045000	281.046   	
0.050000	4161.63   	0.050000	4161.63   	0.050000	4717.21   	0.050000	4717.21   	0.050000	4717.4    	0.050000	37.4577   	0.050000	38.8473   	0.050000	281.454   	0.050000	470.158   	0.050000	299.337   	
0.055000	4416.52   	0.055000	4416.52   	0.055000	5055.12   	0.055000	5055.12   	0.055000	5055.31   	0.055000	39.5291   	0.055000	42.7703   	0.055000	302.36    	0.055000	501.745   	0.055000	316.114   	
0.060000	4668.77   	0.060000	4668.77   	0.060000	5386.57   	0.060000	5386.57   	0.060000	5386.76   	0.060000	41.5415   	0.060000	46.3312   	0.060000	321.314   	0.060000	530.347   	0.060000	331.625   	
0.070000	5170.13   	0.070000	5170.13   	0.070000	6035.04   	0.070000	6035.04   	0.070000	6035.23   	0.070000	45.434    	0.070000	52.7216   	0.070000	354.884   	0.070000	580.867   	0.070000	359.691   	
0.080000	5672.95   	0.080000	5672.95   	0.080000	6670.55   	0.080000	6670.55   	0.080000	6670.74   	0.080000	49.211    	0.080000	58.4825   	0.080000	384.484   	0.080000	625.208   	0.080000	384.965   	
0.090000	6182.07   	0.090000	6182.07   	0.090000	7298.79   	0.090000	7298.79   	0.090000	7298.99   	0.090000	52.9304   	0.090000	63.8621   	0.090000	411.574   	0.090000	665.608   	0.090000	408.285   	
0.100000	6700.78   	0.100000	6700.78   	0.100000	7924.03   	0.100000	7924.03   	0.100000	7924.22   	0.100000	56.6366   	0.100000	69.0116   	0.100000	436.463   	0.100000	702.528   	0.100000	430.15    	
0.120000	7775.47   	0.120000	7775.47   	0.120000	9177.92   	0.120000	9177.92   	0.120000	9178.12   	0.120000	64.1424   	0.120000	78.9907   	0.120000	482.469   	0.120000	769.825   	0.120000	470.828   	
0.140000	8908.4    	0.140000	8908.4    	0.140000	10451.2   	0.140000	10451.2   	0.140000	10451.4   	0.140000	71.9339   	0.140000	88.9268   	0.140000	525.208   	0.140000	831.354   	0.140000	509.195   	
0.160000	10105.1   	0.160000	10105.1   	0.160000	11756.5   	0.160000	11756.5   	0.160000	11756.7   	0.160000	80.1503   	0.160000	98.9457   	0.160000	566.142   	0.160000	889.744   	0.160000	546.372   	
0.180000	11368.1   	0.180000	11368.1   	0.180000	13102.4   	0.180000	13102.4   	0.180000	13102.6   	0.180000	88.8897   	0.180000	109.123   	0.180000	605.925   	0.180000	946.052   	0.180000	582.699   	
0.200000	12698.3   	0.200000	12698.3   	0.200000	14495.3   	0.200000	14495.3   	0.200000	14495.5   	0.200000	98.2231   	0.200000	119.594   	0.200000	645.451   	0.200000	1001.56   	0.200000	619.061   	
0.250000	16317.5   	0.250000	16317.5   	0.250000	18209.3   	0.250000	18209.3   	0.250000	18209.5   	0.250000	124.461   	0.250000	147.583   	0.250000	744.16    	0.250000	1138.63   	0.250000	710.964   	
0.300000	20349.2   	0.300000	20349.2   	0.300000	22286     	0.300000	22286     	0.300000	22286.2   	0.300000	155.185   	0.300000	178.688   	0.300000	846.11    	0.300000	1278.12   	0.300000	807.017   	
0.350000	24781.8   	0.350000	24781.8   	0.350000	26746.4   	0.350000	26746.4   	0.350000	26746.6   	0.350000	190.582   	0.350000	213.226   	0.350000	952.758   	0.350000	1422.32   	0.350000	908.161   	
0.400000	29604     	0.400000	29604     	0.400000	31599.4   	0.400000	31599.4   	0.400000	31599.6   	0.400000	230.679   	0.400000	251.231   	0.400000	1064.97   	0.400000	1572.49   	0.400000	1015.34   	
0.450000	34805.4   	0.450000	34805.4   	0.450000	36846.7   	0.450000	36846.7   	0.450000	36846.9   	0.450000	275.414   	0.450000	292.612   	0.450000	1183.48   	0.450000	1729.6    	0.450000	1129.17   	
0.500000	40377     	0.500000	40377     	0.500000	42486.1   	0.500000	42486.1   	0.500000	42486.3   	0.500000	324.68    	0.500000	337.232   	0.500000	1308.31   	0.500000	1893.75   	0.500000	1249.48   	
0.600000	52599.5   	0.600000	52599.5   	0.600000	54922     	0.600000	54922     	0.600000	54922.2   	0.600000	436.29    	0.600000	436.551   	0.600000	1577.61   	0.600000	2244      	0.600000	1510.32   	
0.700000	66217.8   	0.700000	66217.8   	0.700000	68858.9   	0.700000	68858.9   	0.700000	68859.1   	0.700000	564.458   	0.700000	552.473   	0.700000	1872.54   	0.700000	2622.91   	0.700000	1797.49   	
0.800000	81189.1   	0.800000	81189.1   	0.800000	84244.5   	0.800000	84244.5   	0.800000	84244.7   	0.800000	708.227   	0.800000	682.391   	0.800000	2191.35   	0.800000	3029.89   	0.800000	2110.56   	
0.900000	97478     	0.900000	97478     	0.900000	101029    	0.900000	101029    	0.900000	101030    	0.900000	866.804   	0.900000	824.024   	0.900000	2531.71   	0.900000	3463.88   	0.900000	2448.51   	
1.000000	115055    	1.000000	115055    	1.000000	119170    	1.000000	119170    	1.000000	119170    	1.000000	1039.55   	1.000000	975.917   	1.000000	2895.58   	1.000000	3923.74   	1.000000	2810.81   	
1.250000	164468    	1.250000	164468    	1.250000	170216    	1.250000	170216    	1.250000	170216    	1.250000	1530.4    	1.250000	1394.88   	1.250000	3904.5    	1.250000	5175.43   	1.250000	3795.99   	
1.500000	221451    	1.500000	221451    	1.500000	229045    	1.500000	229045    	1.500000	229045    	1.500000	2101.62   	1.500000	1863.73   	1.500000	5048.52   	1.500000	6561.79   	1.500000	4879.44   	
1.750000	285751    	1.750000	285751    	1.750000	295330    	1.750000	295330    	1.750000	295330    	1.750000	2750.1    	1.750000	2378.14   	1.750000	6321.47   	1.750000	8084.37   	1.750000	6094.4    	
2.000000	357167    	2.000000	357167    	2.000000	368830    	2.000000	368830    	2.000000	368830    	2.000000	3473.93   	2.000000	2935.65   	2.000000	7715.66   	2.000000	9733.15   	2.000000	7436.12   	
2.250000	435531    	2.250000	435531    	2.250000	449360    	2.250000	449360    	2.250000	449360    	2.250000	4271.77   	2.250000	3534.64   	2.250000	9203.2    	2.250000	11475.1   	2.250000	8901.07   	
2.500000	520833    	2.500000	520700    	2.500000	536769    	2.500000	536769    	2.500000	536769    	2.500000	5142.67   	2.500000	4174.01   	2.500000	10810.1   	2.500000	13340.5   	2.500000	10486.4   	
3.000000	719540    	3.000000	710966    	3.000000	731753    	3.000000	731753    	3.000000	731753    	3.000000	7100.72   	3.000000	5570.76   	3.000000	14374.1   	3.000000	17429.7   	3.000000	14009.8   	
3.500000	945075    	3.500000	927129    	3.500000	952992    	3.500000	952992    	3.500000	952992    	3.500000	9343.41   	3.500000	7120.65   	3.500000	18393.6   	3.500000	21979.5   	3.500000	17992.3   	
4.000000	1.19685e+06	4.000000	1.16851e+06	4.000000	1.19988e+06	4.000000	1.19988e+06	4.000000	1.19988e+06	4.000000	11867.2   	4.000000	8819.67   	4.000000	22858.2   	4.000000	26973.8   	4.000000	22423.6   	
4.500000	1.47437e+06	4.500000	1.43455e+06	4.500000	1.47192e+06	4.500000	1.47192e+06	4.500000	1.47192e+06	4.500000	14669.2   	4.500000	10664.5   	4.500000	27759.7   	4.500000	32400     	4.500000	27295.7   	
5.000000	1.7772e+06	5.000000	1.72477e+06	5.000000	1.76871e+06	5.000000	1.76871e+06	5.000000	1.76871e+06	5.000000	17746.9   	5.000000	12652.4   	5.000000	33091.4   	5.000000	38247.7   	5.000000	32602     	
5.500000	2.10496e+06	5.500000	2.03873e+06	5.500000	2.08988e+06	5.500000	2.08988e+06	5.500000	2.08988e+06	5.500000	21098.3   	5.500000	14780.9   	5.500000	38847.8   	5.500000	44508.2   	5.500000	38337.1   	
6.000000	2.45732e+06	6.000000	2.37608e+06	6.000000	2.43513e+06	6.000000	2.43513e+06	6.000000	2.43513e+06	6.000000	24721.4   	6.000000	17047.9   	6.000000	45024.1   	6.000000	51173.8   	6.000000	44496.2   	
6.500000	2.83394e+06	6.500000	2.73649e+06	6.500000	2.80419e+06	6.500000	2.80419e+06	6.500000	2.80419e+06	6.500000	28614.6   	6.500000	19451.4   	6.500000	51616.1   	6.500000	58238     	6.500000	51075.2   	
7.000000	3.23457e+06	7.000000	3.11965e+06	7.000000	3.1968e+06	7.000000	3.1968e+06	7.000000	3.1968e+06	7.000000	32776.2   	7.000000	21989.7   	7.000000	58620.2   	7.000000	65695     	7.000000	58070.6   	
7.500000	3.65892e+06	7.500000	3.5253e+06	7.500000	3.61275e+06	7.500000	3.61275e+06	7.500000	3.61275e+06	7.500000	37204.8   	7.500000	24661.2   	7.500000	66033.1   	7.500000	73539.5   	7.500000	65479     	
8.000000	4.10676e+06	8.000000	3.95319e+06	8.000000	4.05182e+06	8.000000	4.05182e+06	8.000000	4.05182e+06	8.000000	41899.3   	8.000000	27464.6   	8.000000	73851.9   	8.000000	81766.7   	8.000000	73297.6   	
8.500000	4.57785e+06	8.500000	4.40308e+06	8.500000	4.51384e+06	8.500000	4.51384e+06	8.500000	4.51384e+06	8.500000	46858.3   	8.500000	30398.6   	8.500000	82073.9   	8.500000	90372.5   	8.500000	81523.9   	
9.000000	5.07199e+06	9.000000	4.87478e+06	9.000000	4.99863e+06	9.000000	4.99863e+06	9.000000	4.99863e+06	9.000000	52080.7   	9.000000	33462.2   	9.000000	90696.6   	9.000000	99352.7   	9.000000	90155.3   	
9.500000	5.58897e+06	9.500000	5.36808e+06	9.500000	5.50603e+06	9.500000	5.50603e+06	9.500000	5.50603e+06	9.500000	57565.6   	9.500000	36653.5   	9.500000	99717.8   	9.500000	108704    	9.500000	99189.8   	
10.000000	6.1286e+06	10.000000	5.8832e+06	10.000000	6.03589e+06	10.000000	6.03589e+06	10.000000	6.03589e+06	10.000000	63311.9   	10.000000	39971     	10.000000	109135    	10.000000	118422    	10.000000	108625    	
11.000000	7.27507e+06	11.000000	7.00199e+06	11.000000	7.16305e+06	11.000000	7.16304e+06	11.000000	7.16309e+06	11.000000	75605.6   	11.000000	46992.4   	11.000000	129167    	11.000000	138964    	11.000000	128706    	
12.000000	8.51003e+06	12.000000	8.2084e+06	12.000000	8.37968e+06	12.000000	8.37966e+06	12.000000	8.37983e+06	12.000000	88970.6   	12.000000	54531.7   	12.000000	150790    	12.000000	160968    	12.000000	150398    	
13.000000	9.83224e+06	13.000000	9.50138e+06	13.000000	9.6848e+06	13.000000	9.68476e+06	13.000000	9.6851e+06	13.000000	103394    	13.000000	62577.9   	13.000000	173993    	13.000000	184413    	13.000000	173689    	
14.000000	1.12405e+07	14.000000	1.08799e+07	14.000000	1.10775e+07	14.000000	1.10774e+07	14.000000	1.10779e+07	14.000000	118866    	14.000000	71118.5   	14.000000	198761    	14.000000	209279    	14.000000	198567    	
15.000000	1.27338e+07	15.000000	1.2343e+07	15.000000	1.25568e+07	15.000000	1.25567e+07	15.000000	1.25575e+07	15.000000	135373    	15.000000	80148.9   	15.000000	225083    	15.000000	235548    	15.000000	225019    	
16.000000	1.4311e+07	16.000000	1.38899e+07	16.000000	1.41218e+07	16.000000	1.41217e+07	16.000000	1.41228e+07	16.000000	152905    	16.000000	89661.9   	16.000000	252945    	16.000000	263201    	16.000000	253032    	
17.000000	1.59712e+07	17.000000	1.55196e+07	17.000000	1.57716e+07	17.000000	1.57716e+07	17.000000	1.57729e+07	17.000000	171450    	17.000000	99645.2   	17.000000	282333    	17.000000	292219    	17.000000	282594    	
18.000000	1.77135e+07	18.000000	1.72313e+07	18.000000	1.75053e+07	18.000000	1.75054e+07	18.000000	1.75071e+07	18.000000	190996    	18.000000	110089    	18.000000	313234    	18.000000	322585    	18.000000	313691    	
19.000000	1.95371e+07	19.000000	1.90244e+07	19.000000	1.93221e+07	19.000000	1.93223e+07	19.000000	1.93244e+07	19.000000	211528    	19.000000	120985    	19.000000	345631    	19.000000	354278    	19.000000	346309    	
20.000000	2.1441e+07	20.000000	2.0898e+07	20.000000	2.1221e+07	20.000000	2.12213e+07	20.000000	2.12239e+07	20.000000	233034    	20.000000	132325    	20.000000	379511    	20.000000	387282    	20.000000	380433    	
21.000000	2.34246e+07	21.000000	2.28515e+07	21.000000	2.32011e+07	21.000000	2.32017e+07	21.000000	2.32047e+07	21.000000	255499    	21.000000	144101    	21.000000	414856    	21.000000	421578    	21.000000	416049    	
22.000000	2.5487e+07	22.000000	2.48842e+07	22.000000	2.52616e+07	22.000000	2.52623e+07	22.000000	2.52658e+07	22.000000	278908    	22.000000	156305    	22.000000	451652    	22.000000	457146    	22.000000	453140    	
23.000000	2.76276e+07	23.000000	2.69953e+07	23.000000	2.74015e+07	23.000000	2.74024e+07	23.000000	2.74065e+07	23.000000	303245    	23.000000	168928    	23.000000	489879    	23.000000	493968    	23.000000	491690    	
24.000000	2.98455e+07	24.000000	2.91844e+07	24.000000	2.96199e+07	24.000000	2.9621e+07	24.000000	2.96257e+07	24.000000	328494    	24.000000	181958    	24.000000	529522    	24.000000	532025    	24.000000	531682    	
25.000000	3.21403e+07	25.000000	3.14508e+07	25.000000	3.19156e+07	25.000000	3.19172e+07	25.000000	3.19224e+07	25.000000	354639    	25.000000	195382    	25.000000	570561    	25.000000	571296    	25.000000	573099    	
27.000000	3.69575e+07	27.000000	3.62131e+07	27.000000	3.67355e+07	27.000000	3.67382e+07	27.000000	3.67448e+07	27.000000	409541    	27.000000	223378    	27.000000	656753    	27.000000	653406    	27.000000	660132    	
29.000000	4.20742e+07	29.000000	4.12776e+07	29.000000	4.18536e+07	29.000000	4.18576e+07	29.000000	4.18657e+07	29.000000	467805    	29.000000	252860    	29.000000	748295    	29.000000	740136    	29.000000	752637    	
31.000000	4.74859e+07	31.000000	4.66401e+07	31.000000	4.72627e+07	31.000000	4.72682e+07	31.000000	4.72779e+07	31.000000	529303    	31.000000	283764    	31.000000	845040    	31.000000	831338    	31.000000	850472    	
33.000000	5.3188e+07	33.000000	5.22965e+07	33.000000	5.29617e+07	33.000000	5.2969e+07	33.000000	5.29801e+07	33.000000	594103    	33.000000	316101    	33.000000	946971    	33.000000	926983    	33.000000	953626    	
35.000000	5.91765e+07	35.000000	5.82429e+07	35.000000	5.89478e+07	35.000000	5.89567e+07	35.000000	5.89693e+07	35.000000	662185    	35.000000	349869    	35.000000	1.05403e+06	35.000000	1.02701e+06	35.000000	1.06205e+06	
38.000000	6.86876e+07	38.000000	6.76983e+07	38.000000	6.84565e+07	38.000000	6.84684e+07	38.000000	6.8483e+07	38.000000	770361    	38.000000	403171    	38.000000	1.22407e+06	38.000000	1.18509e+06	38.000000	1.23441e+06	
41.000000	7.88216e+07	41.000000	7.77858e+07	41.000000	7.85897e+07	41.000000	7.86059e+07	41.000000	7.86224e+07	41.000000	885668    	41.000000	459546    	41.000000	1.40527e+06	41.000000	1.35263e+06	41.000000	1.41828e+06	
44.000000	8.95669e+07	44.000000	8.84943e+07	44.000000	8.93374e+07	44.000000	8.93581e+07	44.000000	8.93763e+07	44.000000	1.00796e+06	44.000000	518929    	44.000000	1.59739e+06	44.000000	1.52942e+06	44.000000	1.61344e+06	
47.000000	1.00912e+08	47.000000	9.98131e+07	47.000000	1.00689e+08	47.000000	1.00715e+08	47.000000	1.00734e+08	47.000000	1.13709e+06	47.000000	581256    	47.000000	1.80024e+06	47.000000	1.71525e+06	47.000000	1.81973e+06	
50.000000	1.12848e+08	50.000000	1.11732e+08	50.000000	1.12635e+08	50.000000	1.12666e+08	50.000000	1.12687e+08	50.000000	1.27292e+06	50.000000	646467    	50.000000	2.01362e+06	50.000000	1.90995e+06	50.000000	2.03697e+06	
55.000000	1.34024e+08	55.000000	1.32903e+08	55.000000	1.33841e+08	55.000000	1.3388e+08	55.000000	1.33903e+08	55.000000	1.51384e+06	55.000000	761399    	55.000000	2.39217e+06	55.000000	2.25368e+06	55.000000	2.42293e+06	
60.000000	1.56769e+08	60.000000	1.55671e+08	60.000000	1.5663e+08	60.000000	1.56678e+08	60.000000	1.56702e+08	60.000000	1.77239e+06	60.000000	883930    	60.000000	2.79863e+06	60.000000	2.62079e+06	60.000000	2.83811e+06	
65.000000	1.81043e+08	65.000000	1.79996e+08	65.000000	1.80961e+08	65.000000	1.81022e+08	65.000000	1.81047e+08	65.000000	2.04799e+06	65.000000	1.01371e+06	65.000000	3.23224e+06	65.000000	3.01061e+06	65.000000	3.28185e+06	
70.000000	2.0681e+08	70.000000	2.0584e+08	70.000000	2.06801e+08	70.000000	2.06875e+08	70.000000	2.069e+08 	70.000000	2.34011e+06	70.000000	1.15059e+06	70.000000	3.69226e+06	70.000000	3.42248e+06	70.000000	3.7535e+06	
75.000000	2.34035e+08	75.000000	2.33166e+08	75.000000	2.34116e+08	75.000000	2.34204e+08	75.000000	2.34229e+08	75.000000	2.64821e+06	75.000000	1.29424e+06	75.000000	4.17798e+06	75.000000	3.8558e+06	75.000000	4.25245e+06	
80.000000	2.62687e+08	80.000000	2.61941e+08	80.000000	2.62873e+08	80.000000	2.62975e+08	80.000000	2.62999e+08	80.000000	2.97178e+06	80.000000	1.44456e+06	80.000000	4.68874e+06	80.000000	4.31001e+06	80.000000	4.77811e+06	
85.000000	2.92736e+08	85.000000	2.92132e+08	85.000000	2.93041e+08	85.000000	2.93159e+08	85.000000	2.93181e+08	85.000000	3.31035e+06	85.000000	1.60136e+06	85.000000	5.2239e+06	85.000000	4.78458e+06	85.000000	5.32994e+06	
90.000000	3.24152e+08	90.000000	3.23709e+08	90.000000	3.24591e+08	90.000000	3.24725e+08	90.000000	3.24745e+08	90.000000	3.66344e+06	90.000000	1.7644e+06	90.000000	5.78285e+06	90.000000	5.27901e+06	90.000000	5.90739e+06	
95.000000	3.5691e+08	95.000000	3.5664e+08	95.000000	3.57492e+08	95.000000	3.57644e+08	95.000000	3.57662e+08	95.000000	4.03061e+06	95.000000	1.9334e+06	95.000000	6.36497e+06	95.000000	5.7928e+06	95.000000	6.50995e+06	
100.000000	3.90982e+08	100.000000	3.90899e+08	100.000000	3.91716e+08	100.000000	3.91891e+08	100.000000	3.91905e+08	100.000000	4.41142e+06	100.000000	2.10823e+06	100.000000	6.96971e+06	100.000000	6.3255e+06	100.000000	7.13712e+06	
105.000000	4.26346e+08	105.000000	4.26457e+08	105.000000	4.27241e+08	105.000000	4.27437e+08	105.000000	4.27447e+08	105.000000	4.80545e+06	105.000000	2.28884e+06	105.000000	7.59651e+06	105.000000	6.87668e+06	105.000000	7.78842e+06	
110.000000	4.62977e+08	110.000000	4.63289e+08	110.000000	4.6404e+08	110.000000	4.64259e+08	110.000000	4.64264e+08	110.000000	5.21231e+06	110.000000	2.47508e+06	110.000000	8.24482e+06	110.000000	7.44589e+06	110.000000	8.46339e+06	
115.000000	5.00854e+08	115.000000	5.01368e+08	115.000000	5.02088e+08	115.000000	5.02331e+08	115.000000	5.02331e+08	115.000000	5.63159e+06	115.000000	2.66679e+06	115.000000	8.91415e+06	115.000000	8.03276e+06	115.000000	9.16157e+06	
120.000000	5.39955e+08	120.000000	5.4067e+08	120.000000	5.41363e+08	120.000000	5.41631e+08	120.000000	5.41624e+08	120.000000	6.06294e+06	120.000000	2.86368e+06	120.000000	9.60398e+06	120.000000	8.63687e+06	120.000000	9.88253e+06	
125.000000	5.80259e+08	125.000000	5.81172e+08	125.000000	5.81842e+08	125.000000	5.82134e+08	125.000000	5.8212e+08	125.000000	6.50597e+06	125.000000	3.06562e+06	125.000000	1.03138e+07	125.000000	9.25785e+06	125.000000	1.06258e+07	
130.000000	6.21748e+08	130.000000	6.2285e+08	130.000000	6.23502e+08	130.000000	6.23819e+08	130.000000	6.23798e+08	130.000000	6.96034e+06	130.000000	3.27267e+06	130.000000	1.10432e+07	130.000000	9.89535e+06	130.000000	1.13911e+07	
135.000000	6.64402e+08	135.000000	6.65683e+08	135.000000	6.66321e+08	135.000000	6.66664e+08	135.000000	6.66635e+08	135.000000	7.42571e+06	135.000000	3.48467e+06	135.000000	1.17917e+07	135.000000	1.0549e+07	135.000000	1.21779e+07	
140.000000	7.08203e+08	140.000000	7.09649e+08	140.000000	7.10279e+08	140.000000	7.10649e+08	140.000000	7.10611e+08	140.000000	7.90174e+06	140.000000	3.70137e+06	140.000000	1.25588e+07	140.000000	1.12185e+07	140.000000	1.29858e+07	
145.000000	7.53134e+08	145.000000	7.54727e+08	145.000000	7.55352e+08	145.000000	7.55753e+08	145.000000	7.55705e+08	145.000000	8.38812e+06	145.000000	3.9227e+06	145.000000	1.33441e+07	145.000000	1.19035e+07	145.000000	1.38145e+07	
150.000000	7.99177e+08	150.000000	8.00897e+08	150.000000	8.01521e+08	150.000000	8.01956e+08	150.000000	8.01899e+08	150.000000	8.88454e+06	150.000000	4.14856e+06	150.000000	1.41472e+07	150.000000	1.26036e+07	150.000000	1.46636e+07	
155.000000	8.62448e+08	155.000000	8.48139e+08	155.000000	8.48771e+08	155.000000	8.4924e+08	155.000000	8.49171e+08	155.000000	9.39069e+06	155.000000	4.37883e+06	155.000000	1.49677e+07	155.000000	1.33186e+07	155.000000	1.55327e+07	
160.000000	9.27644e+08	160.000000	8.96434e+08	160.000000	8.97081e+08	160.000000	8.97584e+08	160.000000	8.97504e+08	160.000000	9.90628e+06	160.000000	4.61344e+06	160.000000	1.58052e+07	160.000000	1.40482e+07	160.000000	1.64215e+07	
165.000000	9.94189e+08	165.000000	9.45764e+08	165.000000	9.46434e+08	165.000000	9.46972e+08	165.000000	9.4688e+08	165.000000	1.0431e+07	165.000000	4.85231e+06	165.000000	1.66593e+07	165.000000	1.47921e+07	165.000000	1.73296e+07	
170.000000	1.06206e+09	170.000000	9.96111e+08	170.000000	9.96812e+08	170.000000	9.97386e+08	170.000000	9.97281e+08	170.000000	1.09647e+07	170.000000	5.09529e+06	170.000000	1.75295e+07	170.000000	1.55499e+07	170.000000	1.82567e+07	
175.000000	1.13124e+09	175.000000	1.04746e+09	175.000000	1.0482e+09	175.000000	1.04881e+09	175.000000	1.04869e+09	175.000000	1.15069e+07	175.000000	5.34215e+06	175.000000	1.84156e+07	175.000000	1.63215e+07	175.000000	1.92024e+07	
180.000000	1.20169e+09	180.000000	1.09979e+09	180.000000	1.10057e+09	180.000000	1.10122e+09	180.000000	1.10109e+09	180.000000	1.20575e+07	180.000000	5.59291e+06	180.000000	1.93172e+07	180.000000	1.71065e+07	180.000000	2.01665e+07	
185.000000	1.27341e+09	185.000000	1.15308e+09	185.000000	1.15392e+09	185.000000	1.15461e+09	185.000000	1.15446e+09	185.000000	1.26162e+07	185.000000	5.8476e+06	185.000000	2.02339e+07	185.000000	1.79047e+07	185.000000	2.11486e+07	
190.000000	1.34637e+09	190.000000	1.20732e+09	190.000000	1.20823e+09	190.000000	1.20895e+09	190.000000	1.20879e+09	190.000000	1.31828e+07	190.000000	6.10598e+06	190.000000	2.11654e+07	190.000000	1.87158e+07	190.000000	2.21484e+07	
195.000000	1.42054e+09	195.000000	1.2625e+09	195.000000	1.26348e+09	195.000000	1.26424e+09	195.000000	1.26406e+09	195.000000	1.3757e+07	195.000000	6.36795e+06	195.000000	2.21114e+07	195.000000	1.95396e+07	195.000000	2.31657e+07	
200.000000	1.49592e+09	200.000000	1.3186e+09	200.000000	1.31966e+09	200.000000	1.32046e+09	200.000000	1.32026e+09	200.000000	1.43386e+07	200.000000	6.63358e+06	200.000000	2.30715e+07	200.000000	2.03758e+07	200.000000	2.42e+07  	
210.000000	1.65019e+09	210.000000	1.43348e+09	210.000000	1.43473e+09	210.000000	1.43561e+09	210.000000	1.43538e+09	210.000000	1.5523e+07	210.000000	7.17544e+06	210.000000	2.50328e+07	210.000000	2.20846e+07	210.000000	2.63188e+07	
220.000000	1.80905e+09	220.000000	1.55187e+09	220.000000	1.55332e+09	220.000000	1.5543e+09	220.000000	1.55403e+09	220.000000	1.67344e+07	220.000000	7.7305e+06	220.000000	2.7047e+07	220.000000	2.38404e+07	220.000000	2.85026e+07	
230.000000	1.97234e+09	230.000000	1.67364e+09	230.000000	1.67534e+09	230.000000	1.67642e+09	230.000000	1.6761e+09	230.000000	1.79711e+07	230.000000	8.2983e+06	230.000000	2.91116e+07	230.000000	2.56414e+07	230.000000	3.07493e+07	
240.000000	2.13994e+09	240.000000	1.79869e+09	240.000000	1.80067e+09	240.000000	1.80185e+09	240.000000	1.80149e+09	240.000000	1.92316e+07	240.000000	8.87836e+06	240.000000	3.12245e+07	240.000000	2.7486e+07	240.000000	3.30567e+07	
250.000000	2.31172e+09	250.000000	1.92692e+09	250.000000	1.92921e+09	250.000000	1.93049e+09	250.000000	1.93009e+09	250.000000	2.05145e+07	250.000000	9.47023e+06	250.000000	3.33835e+07	250.000000	2.93726e+07	250.000000	3.54229e+07	
260.000000	2.48755e+09	260.000000	2.05824e+09	260.000000	2.06086e+09	260.000000	2.06225e+09	260.000000	2.0618e+09	260.000000	2.18183e+07	260.000000	1.00735e+07	260.000000	3.55866e+07	260.000000	3.12996e+07	260.000000	3.7846e+07	
270.000000	2.66733e+09	270.000000	2.19256e+09	270.000000	2.19554e+09	270.000000	2.19703e+09	270.000000	2.19653e+09	270.000000	2.31417e+07	270.000000	1.06877e+07	270.000000	3.78319e+07	270.000000	3.32656e+07	270.000000	4.0324e+07	
280.000000	2.85094e+09	280.000000	2.32977e+09	280.000000	2.33314e+09	280.000000	2.33474e+09	280.000000	2.33419e+09	280.000000	2.44835e+07	280.000000	1.13125e+07	280.000000	4.01174e+07	280.000000	3.52692e+07	280.000000	4.28552e+07	
290.000000	3.03828e+09	290.000000	2.46981e+09	290.000000	2.47359e+09	290.000000	2.4753e+09	290.000000	2.47469e+09	290.000000	2.58426e+07	290.000000	1.19473e+07	290.000000	4.24415e+07	290.000000	3.73091e+07	290.000000	4.54379e+07	
300.000000	3.22924e+09	300.000000	2.61259e+09	300.000000	2.6168e+09	300.000000	2.61862e+09	300.000000	2.61795e+09	300.000000	2.72178e+07	300.000000	1.25913e+07	300.000000	4.48024e+07	300.000000	3.9384e+07	300.000000	4.80704e+07	
310.000000	3.42373e+09	310.000000	2.75803e+09	310.000000	2.76267e+09	310.000000	2.76463e+09	310.000000	2.7639e+09	310.000000	2.86081e+07	310.000000	1.32449e+07	310.000000	4.71986e+07	310.000000	4.14925e+07	310.000000	5.0751e+07	
320.000000	3.62165e+09	320.000000	2.90605e+09	320.000000	2.91115e+09	320.000000	2.91323e+09	320.000000	2.91244e+09	320.000000	3.00125e+07	320.000000	1.39075e+07	320.000000	4.96283e+07	320.000000	4.36336e+07	320.000000	5.34784e+07	
330.000000	3.82292e+09	330.000000	3.05658e+09	330.000000	3.06215e+09	330.000000	3.06437e+09	330.000000	3.06351e+09	330.000000	3.14299e+07	330.000000	1.45782e+07	330.000000	5.20903e+07	330.000000	4.58061e+07	330.000000	5.62509e+07	
340.000000	4.02744e+09	340.000000	3.20956e+09	340.000000	3.2156e+09	340.000000	3.21796e+09	340.000000	3.21703e+09	340.000000	3.28596e+07	340.000000	1.52571e+07	340.000000	5.4583e+07	340.000000	4.80089e+07	340.000000	5.90671e+07	
350.000000	4.23513e+09	350.000000	3.36492e+09	350.000000	3.37144e+09	350.000000	3.37394e+09	350.000000	3.37294e+09	350.000000	3.43007e+07	350.000000	1.59441e+07	350.000000	5.7105e+07	350.000000	5.02409e+07	350.000000	6.19256e+07	
360.000000	4.44592e+09	360.000000	3.52258e+09	360.000000	3.52961e+09	360.000000	3.53224e+09	360.000000	3.53117e+09	360.000000	3.57523e+07	360.000000	1.66392e+07	360.000000	5.96551e+07	360.000000	5.25011e+07	360.000000	6.48251e+07	
370.000000	4.65971e+09	370.000000	3.6825e+09	370.000000	3.69002e+09	370.000000	3.6928e+09	370.000000	3.69166e+09	370.000000	3.72137e+07	370.000000	1.73418e+07	370.000000	6.2232e+07	370.000000	5.47886e+07	370.000000	6.77642e+07	
380.000000	4.87644e+09	380.000000	3.8446e+09	380.000000	3.85263e+09	380.000000	3.85555e+09	380.000000	3.85434e+09	380.000000	3.86843e+07	380.000000	1.80513e+07	380.000000	6.48345e+07	380.000000	5.71024e+07	380.000000	7.07418e+07	
390.000000	5.09604e+09	390.000000	4.00884e+09	390.000000	4.01738e+09	390.000000	4.02044e+09	390.000000	4.01915e+09	390.000000	4.01632e+07	390.000000	1.87678e+07	390.000000	6.74615e+07	390.000000	5.94415e+07	390.000000	7.37567e+07	
400.000000	5.31843e+09	400.000000	4.17515e+09	400.000000	4.1842e+09	400.000000	4.18741e+09	400.000000	4.18604e+09	400.000000	4.16499e+07	400.000000	1.9491e+07	400.000000	7.01119e+07	400.000000	6.18052e+07	400.000000	7.68075e+07	
410.000000	5.54354e+09	410.000000	4.34348e+09	410.000000	4.35304e+09	410.000000	4.35639e+09	410.000000	4.35494e+09	410.000000	4.31438e+07	410.000000	2.02207e+07	410.000000	7.27845e+07	410.000000	6.41925e+07	410.000000	7.98933e+07	
420.000000	5.77131e+09	420.000000	4.51378e+09	420.000000	4.52385e+09	420.000000	4.52735e+09	420.000000	4.52581e+09	420.000000	4.46441e+07	420.000000	2.09564e+07	420.000000	7.54784e+07	420.000000	6.66027e+07	420.000000	8.30129e+07	
430.000000	6.00168e+09	430.000000	4.686e+09 	430.000000	4.69657e+09	430.000000	4.70022e+09	430.000000	4.6986e+09	430.000000	4.61504e+07	430.000000	2.16976e+07	430.000000	7.81926e+07	430.000000	6.90349e+07	430.000000	8.61652e+07	
440.000000	6.23458e+09	440.000000	4.86009e+09	440.000000	4.87115e+09	440.000000	4.87495e+09	440.000000	4.87324e+09	440.000000	4.76621e+07	440.000000	2.24445e+07	440.000000	8.09261e+07	440.000000	7.14883e+07	440.000000	8.93492e+07	
450.000000	6.46995e+09	450.000000	5.036e+09 	450.000000	5.04755e+09	450.000000	5.05149e+09	450.000000	5.0497e+09	450.000000	4.91787e+07	450.000000	2.31971e+07	450.000000	8.36781e+07	450.000000	7.39623e+07	450.000000	9.25638e+07	
460.000000	6.70773e+09	460.000000	5.21369e+09	460.000000	5.2257e+09	460.000000	5.22981e+09	460.000000	5.22792e+09	460.000000	5.06998e+07	460.000000	2.39554e+07	460.000000	8.64476e+07	460.000000	7.64562e+07	460.000000	9.58082e+07	
470.000000	6.94787e+09	470.000000	5.39311e+09	470.000000	5.40557e+09	470.000000	5.40984e+09	470.000000	5.40787e+09	470.000000	5.22248e+07	470.000000	2.47192e+07	470.000000	8.92339e+07	470.000000	7.89691e+07	470.000000	9.90814e+07	
480.000000	7.19031e+09	480.000000	5.57421e+09	480.000000	5.58711e+09	480.000000	5.59155e+09	480.000000	5.58948e+09	480.000000	5.37533e+07	480.000000	2.54882e+07	480.000000	9.2036e+07	480.000000	8.15005e+07	480.000000	1.02382e+08	
490.000000	7.435e+09 	490.000000	5.75696e+09	490.000000	5.77027e+09	490.000000	5.77489e+09	490.000000	5.77272e+09	490.000000	5.52848e+07	490.000000	2.6262e+07	490.000000	9.48533e+07	490.000000	8.40497e+07	490.000000	1.0571e+08	
500.000000	7.68189e+09	500.000000	5.94132e+09	500.000000	5.95502e+09	500.000000	5.95982e+09	500.000000	5.95756e+09	500.000000	5.68191e+07	500.000000	2.70402e+07	500.000000	9.7685e+07	500.000000	8.66161e+07	500.000000	1.09064e+08	
520.000000	8.18204e+09	520.000000	6.3147e+09	520.000000	6.32913e+09	520.000000	6.33428e+09	520.000000	6.33183e+09	520.000000	5.98943e+07	520.000000	2.86107e+07	520.000000	1.03389e+08	520.000000	9.17981e+07	520.000000	1.15848e+08	
540.000000	8.69039e+09	540.000000	6.69404e+09	540.000000	6.70912e+09	540.000000	6.71464e+09	540.000000	6.71198e+09	540.000000	6.29759e+07	540.000000	3.01994e+07	540.000000	1.09142e+08	540.000000	9.70417e+07	540.000000	1.22726e+08	
560.000000	9.20657e+09	560.000000	7.07906e+09	560.000000	7.09471e+09	560.000000	7.10059e+09	560.000000	7.09772e+09	560.000000	6.60614e+07	560.000000	3.18043e+07	560.000000	1.14939e+08	560.000000	1.02343e+08	560.000000	1.29692e+08	
580.000000	9.73022e+09	580.000000	7.4695e+09	580.000000	7.4856e+09	580.000000	7.49186e+09	580.000000	7.48878e+09	580.000000	6.91485e+07	580.000000	3.3424e+07	580.000000	1.20776e+08	580.000000	1.07697e+08	580.000000	1.36742e+08	
600.000000	1.0261e+10	600.000000	7.8651e+09	600.000000	7.88156e+09	600.000000	7.88819e+09	600.000000	7.88488e+09	600.000000	7.22352e+07	600.000000	3.50581e+07	600.000000	1.26648e+08	600.000000	1.13101e+08	600.000000	1.4387e+08	
620.000000	1.07986e+10	620.000000	8.26563e+09	620.000000	8.28232e+09	620.000000	8.28933e+09	620.000000	8.2858e+09	620.000000	7.53196e+07	620.000000	3.67059e+07	620.000000	1.32552e+08	620.000000	1.18551e+08	620.000000	1.5107e+08	
640.000000	1.13428e+10	640.000000	8.67085e+09	640.000000	8.68767e+09	640.000000	8.69505e+09	640.000000	8.6913e+09	640.000000	7.84e+07  	640.000000	3.83667e+07	640.000000	1.38483e+08	640.000000	1.24043e+08	640.000000	1.58339e+08	
660.000000	1.18932e+10	660.000000	9.08056e+09	660.000000	9.09738e+09	660.000000	9.10514e+09	660.000000	9.10116e+09	660.000000	8.14748e+07	660.000000	4.004e+07 	660.000000	1.44438e+08	660.000000	1.29575e+08	660.000000	1.65671e+08	
680.000000	1.24495e+10	680.000000	9.49454e+09	680.000000	9.51124e+09	680.000000	9.51939e+09	680.000000	9.51517e+09	680.000000	8.45426e+07	680.000000	4.1725e+07	680.000000	1.50415e+08	680.000000	1.35143e+08	680.000000	1.73062e+08	
700.000000	1.30116e+10	700.000000	9.91261e+09	700.000000	9.92907e+09	700.000000	9.9376e+09	700.000000	9.93313e+09	700.000000	8.76023e+07	700.000000	4.34213e+07	700.000000	1.56409e+08	700.000000	1.40745e+08	700.000000	1.80509e+08	
720.000000	1.35791e+10	720.000000	1.03346e+10	720.000000	1.03506e+10	720.000000	1.03596e+10	720.000000	1.03549e+10	720.000000	9.06528e+07	720.000000	4.51287e+07	720.000000	1.62419e+08	720.000000	1.46378e+08	720.000000	1.88007e+08	
740.000000	1.41519e+10	740.000000	1.07603e+10	740.000000	1.07758e+10	740.000000	1.07852e+10	740.000000	1.07802e+10	740.000000	9.3693e+07	740.000000	4.68464e+07	740.000000	1.68441e+08	740.000000	1.52039e+08	740.000000	1.95554e+08	
760.000000	1.47297e+10	760.000000	1.11895e+10	760.000000	1.12044e+10	760.000000	1.12142e+10	760.000000	1.1209e+10	760.000000	9.67219e+07	760.000000	4.85733e+07	760.000000	1.74474e+08	760.000000	1.57726e+08	760.000000	2.03145e+08	
780.000000	1.53122e+10	780.000000	1.16222e+10	780.000000	1.16363e+10	780.000000	1.16465e+10	780.000000	1.1641e+10	780.000000	9.9739e+07	780.000000	5.03085e+07	780.000000	1.80515e+08	780.000000	1.63438e+08	780.000000	2.10777e+08	
800.000000	1.58993e+10	800.000000	1.20581e+10	800.000000	1.20713e+10	800.000000	1.2082e+10	800.000000	1.20762e+10	800.000000	1.02743e+08	800.000000	5.2052e+07	800.000000	1.86562e+08	800.000000	1.69171e+08	800.000000	2.18449e+08	
820.000000	1.64908e+10	820.000000	1.24971e+10	820.000000	1.25092e+10	820.000000	1.25204e+10	820.000000	1.25144e+10	820.000000	1.05734e+08	820.000000	5.38041e+07	820.000000	1.92613e+08	820.000000	1.74924e+08	820.000000	2.26155e+08	
840.000000	1.70865e+10	840.000000	1.29391e+10	840.000000	1.29501e+10	840.000000	1.29617e+10	840.000000	1.29554e+10	840.000000	1.08711e+08	840.000000	5.5565e+07	840.000000	1.98667e+08	840.000000	1.80695e+08	840.000000	2.33895e+08	
860.000000	1.76862e+10	860.000000	1.3384e+10	860.000000	1.33936e+10	860.000000	1.34057e+10	860.000000	1.33991e+10	860.000000	1.11674e+08	860.000000	5.73343e+07	860.000000	2.04721e+08	860.000000	1.86483e+08	860.000000	2.41665e+08	
880.000000	1.82897e+10	880.000000	1.38315e+10	880.000000	1.38398e+10	880.000000	1.38523e+10	880.000000	1.38455e+10	880.000000	1.14622e+08	880.000000	5.91117e+07	880.000000	2.10775e+08	880.000000	1.92285e+08	880.000000	2.49463e+08	
900.000000	1.88968e+10	900.000000	1.42817e+10	900.000000	1.42884e+10	900.000000	1.43014e+10	900.000000	1.42943e+10	900.000000	1.17554e+08	900.000000	6.08964e+07	900.000000	2.16826e+08	900.000000	1.981e+08 	900.000000	2.57287e+08	
920.000000	1.95074e+10	920.000000	1.47343e+10	920.000000	1.47395e+10	920.000000	1.47529e+10	920.000000	1.47455e+10	920.000000	1.20471e+08	920.000000	6.26879e+07	920.000000	2.22873e+08	920.000000	2.03927e+08	920.000000	2.65134e+08	
940.000000	2.01214e+10	940.000000	1.51893e+10	940.000000	1.51928e+10	940.000000	1.52066e+10	940.000000	1.5199e+10	940.000000	1.23372e+08	940.000000	6.44856e+07	940.000000	2.28916e+08	940.000000	2.09763e+08	940.000000	2.73003e+08	
960.000000	2.07386e+10	960.000000	1.56465e+10	960.000000	1.56482e+10	960.000000	1.56625e+10	960.000000	1.56546e+10	960.000000	1.26257e+08	960.000000	6.62892e+07	960.000000	2.34953e+08	960.000000	2.15609e+08	960.000000	2.80891e+08	
980.000000	2.13588e+10	980.000000	1.6106e+10	980.000000	1.61058e+10	980.000000	1.61205e+10	980.000000	1.61123e+10	980.000000	1.29126e+08	980.000000	6.80986e+07	980.000000	2.40983e+08	980.000000	2.21463e+08	980.000000	2.88797e+08	
1000.000000	2.19819e+10	1000.000000	1.65675e+10	1000.000000	1.65653e+10	1000.000000	1.65805e+10	1000.000000	1.65721e+10	1000.000000	1.31978e+08	1000.000000	6.99136e+07	1000.000000	2.47005e+08	1000.000000	2.27322e+08	1000.000000	2.96718e+08	
1020.000000	2.26078e+10	1020.000000	1.7031e+10	1020.000000	1.70268e+10	1020.000000	1.70424e+10	1020.000000	1.70337e+10	1020.000000	1.34814e+08	1020.000000	7.17342e+07	1020.000000	2.53018e+08	1020.000000	2.33188e+08	1020.000000	3.04654e+08	
1040.000000	2.32363e+10	1040.000000	1.74963e+10	1040.000000	1.749e+10 	1040.000000	1.75061e+10	1040.000000	1.74971e+10	1040.000000	1.37632e+08	1040.000000	7.35603e+07	1040.000000	2.59021e+08	1040.000000	2.39057e+08	1040.000000	3.12602e+08	
1060.000000	2.38674e+10	1060.000000	1.79635e+10	1060.000000	1.7955e+10	1060.000000	1.79716e+10	1060.000000	1.79622e+10	1060.000000	1.40434e+08	1060.000000	7.53915e+07	1060.000000	2.65014e+08	1060.000000	2.44929e+08	1060.000000	3.20562e+08	
1080.000000	2.45008e+10	1080.000000	1.84324e+10	1080.000000	1.84217e+10	1080.000000	1.84387e+10	1080.000000	1.84291e+10	1080.000000	1.43219e+08	1080.000000	7.72278e+07	1080.000000	2.70995e+08	1080.000000	2.50804e+08	1080.000000	3.2853e+08	
1100.000000	2.51366e+10	1100.000000	1.8903e+10	1100.000000	1.88899e+10	1100.000000	1.89074e+10	1100.000000	1.88975e+10	1100.000000	1.45987e+08	1100.000000	7.90691e+07	1100.000000	2.76964e+08	1100.000000	2.56681e+08	1100.000000	3.36508e+08	
1120.000000	2.57745e+10	1120.000000	1.93751e+10	1120.000000	1.93597e+10	1120.000000	1.93777e+10	1120.000000	1.93674e+10	1120.000000	1.48737e+08	1120.000000	8.09153e+07	1120.000000	2.82921e+08	1120.000000	2.62558e+08	1120.000000	3.44492e+08	
1140.000000	2.64144e+10	1140.000000	1.98487e+10	1140.000000	1.98309e+10	1140.000000	1.98494e+10	1140.000000	1.98388e+10	1140.000000	1.51471e+08	1140.000000	8.27661e+07	1140.000000	2.88864e+08	1140.000000	2.68434e+08	1140.000000	3.52482e+08	
1160.000000	2.70564e+10	1160.000000	2.03237e+10	1160.000000	2.03036e+10	1160.000000	2.03224e+10	1160.000000	2.03116e+10	1160.000000	1.54187e+08	1160.000000	8.46216e+07	1160.000000	2.94794e+08	1160.000000	2.7431e+08	1160.000000	3.60476e+08	
1180.000000	2.77002e+10	1180.000000	2.08001e+10	1180.000000	2.07775e+10	1180.000000	2.07969e+10	1180.000000	2.07857e+10	1180.000000	1.56887e+08	1180.000000	8.64815e+07	1180.000000	3.00709e+08	1180.000000	2.80184e+08	1180.000000	3.68474e+08	
1200.000000	2.83457e+10	1200.000000	2.12778e+10	1200.000000	2.12528e+10	1200.000000	2.12726e+10	1200.000000	2.12611e+10	1200.000000	1.5957e+08	1200.000000	8.83459e+07	1200.000000	3.0661e+08	1200.000000	2.86055e+08	1200.000000	3.76474e+08	
1220.000000	2.89929e+10	1220.000000	2.17568e+10	1220.000000	2.17292e+10	1220.000000	2.17495e+10	1220.000000	2.17378e+10	1220.000000	1.62235e+08	1220.000000	9.02145e+07	1220.000000	3.12495e+08	1220.000000	2.91924e+08	1220.000000	3.84476e+08	
1240.000000	2.96417e+10	1240.000000	2.22369e+10	1240.000000	2.22069e+10	1240.000000	2.22276e+10	1240.000000	2.22155e+10	1240.000000	1.64884e+08	1240.000000	9.20874e+07	1240.000000	3.18365e+08	1240.000000	2.97788e+08	1240.000000	3.92478e+08	
1260.000000	3.0292e+10	1260.000000	2.27181e+10	1260.000000	2.26856e+10	1260.000000	2.27068e+10	1260.000000	2.26944e+10	1260.000000	1.67516e+08	1260.000000	9.39644e+07	1260.000000	3.24219e+08	1260.000000	3.03649e+08	1260.000000	4.0048e+08	
1280.000000	3.09438e+10	1280.000000	2.32004e+10	1280.000000	2.31654e+10	1280.000000	2.31871e+10	1280.000000	2.31744e+10	1280.000000	1.70131e+08	1280.000000	9.58455e+07	1280.000000	3.30057e+08	1280.000000	3.09504e+08	1280.000000	4.0848e+08	
1300.000000	3.15968e+10	1300.000000	2.36837e+10	1300.000000	2.36463e+10	1300.000000	2.36684e+10	1300.000000	2.36554e+10	1300.000000	1.72729e+08	1300.000000	9.77305e+07	1300.000000	3.35878e+08	1300.000000	3.15355e+08	1300.000000	4.16478e+08	
1320.000000	3.22511e+10	1320.000000	2.4168e+10	1320.000000	2.41281e+10	1320.000000	2.41507e+10	1320.000000	2.41374e+10	1320.000000	1.75311e+08	1320.000000	9.96195e+07	1320.000000	3.41683e+08	1320.000000	3.21199e+08	1320.000000	4.24473e+08	
1340.000000	3.29066e+10	1340.000000	2.46531e+10	1340.000000	2.46109e+10	1340.000000	2.46339e+10	1340.000000	2.46203e+10	1340.000000	1.77877e+08	1340.000000	1.01512e+08	1340.000000	3.4747e+08	1340.000000	3.27038e+08	1340.000000	4.32465e+08	
1360.000000	3.35632e+10	1360.000000	2.51392e+10	1360.000000	2.50945e+10	1360.000000	2.5118e+10	1360.000000	2.51041e+10	1360.000000	1.80426e+08	1360.000000	1.03409e+08	1360.000000	3.5324e+08	1360.000000	3.32869e+08	1360.000000	4.40452e+08	
1380.000000	3.42208e+10	1380.000000	2.5626e+10	1380.000000	2.5579e+10	1380.000000	2.5603e+10	1380.000000	2.55888e+10	1380.000000	1.82958e+08	1380.000000	1.05309e+08	1380.000000	3.58993e+08	1380.000000	3.38694e+08	1380.000000	4.48434e+08	
1400.000000	3.48793e+10	1400.000000	2.61136e+10	1400.000000	2.60643e+10	1400.000000	2.60888e+10	1400.000000	2.60743e+10	1400.000000	1.85475e+08	1400.000000	1.07213e+08	1400.000000	3.64728e+08	1400.000000	3.44511e+08	1400.000000	4.56411e+08	
1420.000000	3.55388e+10	1420.000000	2.6602e+10	1420.000000	2.65504e+10	1420.000000	2.65754e+10	1420.000000	2.65605e+10	1420.000000	1.87975e+08	1420.000000	1.0912e+08	1420.000000	3.70445e+08	1420.000000	3.5032e+08	1420.000000	4.64381e+08	
1440.000000	3.61991e+10	1440.000000	2.7091e+10	1440.000000	2.70372e+10	1440.000000	2.70627e+10	1440.000000	2.70476e+10	1440.000000	1.9046e+08	1440.000000	1.11031e+08	1440.000000	3.76144e+08	1440.000000	3.5612e+08	1440.000000	4.72345e+08	
1460.000000	3.68602e+10	1460.000000	2.75807e+10	1460.000000	2.75247e+10	1460.000000	2.75508e+10	1460.000000	2.75353e+10	1460.000000	1.92929e+08	1460.000000	1.12946e+08	1460.000000	3.81825e+08	1460.000000	3.61912e+08	1460.000000	4.80301e+08	
1480.000000	3.75219e+10	1480.000000	2.80709e+10	1480.000000	2.80129e+10	1480.000000	2.80395e+10	1480.000000	2.80237e+10	1480.000000	1.95382e+08	1480.000000	1.14864e+08	1480.000000	3.87487e+08	1480.000000	3.67696e+08	1480.000000	4.88249e+08	
1500.000000	3.81844e+10	1500.000000	2.85618e+10	1500.000000	2.85018e+10	1500.000000	2.85289e+10	1500.000000	2.85128e+10	1500.000000	1.97819e+08	1500.000000	1.16785e+08	1500.000000	3.93132e+08	1500.000000	3.7347e+08	1500.000000	4.96189e+08	
1520.000000	3.88474e+10	1520.000000	2.90532e+10	1520.000000	2.89913e+10	1520.000000	2.90189e+10	1520.000000	2.90024e+10	1520.000000	2.00242e+08	1520.000000	1.1871e+08	1520.000000	3.98758e+08	1520.000000	3.79235e+08	1520.000000	5.04119e+08	
1540.000000	3.95109e+10	1540.000000	2.95451e+10	1540.000000	2.94814e+10	1540.000000	2.95095e+10	1540.000000	2.94927e+10	1540.000000	2.02649e+08	1540.000000	1.20637e+08	1540.000000	4.04365e+08	1540.000000	3.84989e+08	1540.000000	5.12041e+08	
1560.000000	4.0175e+10	1560.000000	3.00374e+10	1560.000000	2.9972e+10	1560.000000	3.00006e+10	1560.000000	2.99835e+10	1560.000000	2.0504e+08	1560.000000	1.22568e+08	1560.000000	4.09954e+08	1560.000000	3.90734e+08	1560.000000	5.19953e+08	
1580.000000	4.08395e+10	1580.000000	3.05302e+10	1580.000000	3.04632e+10	1580.000000	3.04923e+10	1580.000000	3.04749e+10	1580.000000	2.07417e+08	1580.000000	1.24503e+08	1580.000000	4.15524e+08	1580.000000	3.96469e+08	1580.000000	5.27855e+08	
1600.000000	4.15043e+10	1600.000000	3.10234e+10	1600.000000	3.09549e+10	1600.000000	3.09845e+10	1600.000000	3.09668e+10	1600.000000	2.09779e+08	1600.000000	1.2644e+08	1600.000000	4.21075e+08	1600.000000	4.02193e+08	1600.000000	5.35746e+08	
1620.000000	4.21695e+10	1620.000000	3.15169e+10	1620.000000	3.14471e+10	1620.000000	3.14772e+10	1620.000000	3.14592e+10	1620.000000	2.12126e+08	1620.000000	1.28381e+08	1620.000000	4.26608e+08	1620.000000	4.07907e+08	1620.000000	5.43626e+08	
1640.000000	4.2835e+10	1640.000000	3.20108e+10	1640.000000	3.19397e+10	1640.000000	3.19704e+10	1640.000000	3.1952e+10	1640.000000	2.14459e+08	1640.000000	1.30325e+08	1640.000000	4.32122e+08	1640.000000	4.1361e+08	1640.000000	5.51496e+08	
1660.000000	4.35008e+10	1660.000000	3.25051e+10	1660.000000	3.24328e+10	1660.000000	3.2464e+10	1660.000000	3.24453e+10	1660.000000	2.16777e+08	1660.000000	1.32272e+08	1660.000000	4.37617e+08	1660.000000	4.19302e+08	1660.000000	5.59353e+08	
1680.000000	4.41667e+10	1680.000000	3.29996e+10	1680.000000	3.29264e+10	1680.000000	3.2958e+10	1680.000000	3.2939e+10	1680.000000	2.19081e+08	1680.000000	1.34222e+08	1680.000000	4.43093e+08	1680.000000	4.24982e+08	1680.000000	5.67199e+08	
1700.000000	4.48328e+10	1700.000000	3.34943e+10	1700.000000	3.34203e+10	1700.000000	3.34524e+10	1700.000000	3.34331e+10	1700.000000	2.21371e+08	1700.000000	1.36175e+08	1700.000000	4.48551e+08	1700.000000	4.30651e+08	1700.000000	5.75033e+08	
1750.000000	4.64984e+10	1750.000000	3.47322e+10	1750.000000	3.46567e+10	1750.000000	3.46901e+10	1750.000000	3.467e+10 	1750.000000	2.27034e+08	1750.000000	1.41071e+08	1750.000000	4.62113e+08	1750.000000	4.44774e+08	1750.000000	5.94563e+08	
1800.000000	4.81642e+10	1800.000000	3.59711e+10	1800.000000	3.58952e+10	1800.000000	3.59299e+10	1800.000000	3.5909e+10	1800.000000	2.32612e+08	1800.000000	1.45984e+08	1800.000000	4.75558e+08	1800.000000	4.58822e+08	1800.000000	6.14011e+08	
1850.000000	4.98296e+10	1850.000000	3.72107e+10	1850.000000	3.71356e+10	1850.000000	3.71715e+10	1850.000000	3.71498e+10	1850.000000	2.38107e+08	1850.000000	1.50914e+08	1850.000000	4.88887e+08	1850.000000	4.72795e+08	1850.000000	6.33375e+08	
1900.000000	5.14939e+10	1900.000000	3.84508e+10	1900.000000	3.83774e+10	1900.000000	3.84147e+10	1900.000000	3.83921e+10	1900.000000	2.43521e+08	1900.000000	1.5586e+08	1900.000000	5.02099e+08	1900.000000	4.86691e+08	1900.000000	6.52651e+08	
1950.000000	5.31568e+10	1950.000000	3.96909e+10	1950.000000	3.96207e+10	1950.000000	3.96591e+10	1950.000000	3.96358e+10	1950.000000	2.48855e+08	1950.000000	1.6082e+08	1950.000000	5.15197e+08	1950.000000	5.00508e+08	1950.000000	6.71837e+08	
2000.000000	5.48178e+10	2000.000000	4.09309e+10	2000.000000	4.0865e+10	2000.000000	4.09048e+10	2000.000000	4.08806e+10	2000.000000	2.54113e+08	2000.000000	1.65796e+08	2000.000000	5.28181e+08	2000.000000	5.14245e+08	2000.000000	6.90931e+08	
2100.000000	5.81324e+10	2100.000000	4.34093e+10	2100.000000	4.33564e+10	2100.000000	4.33986e+10	2100.000000	4.33729e+10	2100.000000	2.64405e+08	2100.000000	1.75792e+08	2100.000000	5.53812e+08	2100.000000	5.41479e+08	2100.000000	7.28835e+08	
2200.000000	6.14348e+10	2200.000000	4.58841e+10	2200.000000	4.58502e+10	2200.000000	4.5895e+10	2200.000000	4.58676e+10	2200.000000	2.74413e+08	2200.000000	1.85853e+08	2200.000000	5.79001e+08	2200.000000	5.68388e+08	2200.000000	7.66353e+08	
2300.000000	6.47223e+10	2300.000000	4.83537e+10	2300.000000	4.83454e+10	2300.000000	4.83926e+10	2300.000000	4.83636e+10	2300.000000	2.84151e+08	2300.000000	1.95977e+08	2300.000000	6.0376e+08	2300.000000	5.94971e+08	2300.000000	8.03476e+08	
2400.000000	6.79927e+10	2400.000000	5.08169e+10	2400.000000	5.0841e+10	2400.000000	5.08906e+10	2400.000000	5.086e+10 	2400.000000	2.93633e+08	2400.000000	2.06163e+08	2400.000000	6.28099e+08	2400.000000	6.21228e+08	2400.000000	8.402e+08 	
2500.000000	7.12442e+10	2500.000000	5.32723e+10	2500.000000	5.33361e+10	2500.000000	5.33882e+10	2500.000000	5.3356e+10	2500.000000	3.02872e+08	2500.000000	2.16407e+08	2500.000000	6.52032e+08	2500.000000	6.4716e+08	2500.000000	8.76524e+08	
2600.000000	7.44752e+10	2600.000000	5.57191e+10	2600.000000	5.58302e+10	2600.000000	5.58847e+10	2600.000000	5.58509e+10	2600.000000	3.11881e+08	2600.000000	2.26705e+08	2600.000000	6.75569e+08	2600.000000	6.7277e+08	2600.000000	9.12447e+08	
2700.000000	7.76842e+10	2700.000000	5.81563e+10	2700.000000	5.83226e+10	2700.000000	5.83796e+10	2700.000000	5.83441e+10	2700.000000	3.2067e+08	2700.000000	2.37057e+08	2700.000000	6.98722e+08	2700.000000	6.98061e+08	2700.000000	9.47972e+08	
2800.000000	8.087e+10 	2800.000000	6.05832e+10	2800.000000	6.08129e+10	2800.000000	6.08723e+10	2800.000000	6.08352e+10	2800.000000	3.29251e+08	2800.000000	2.47462e+08	2800.000000	7.21504e+08	2800.000000	7.23039e+08	2800.000000	9.83101e+08	
2900.000000	8.40318e+10	2900.000000	6.29992e+10	2900.000000	6.33006e+10	2900.000000	6.33624e+10	2900.000000	6.33237e+10	2900.000000	3.37633e+08	2900.000000	2.57921e+08	2900.000000	7.43925e+08	2900.000000	7.47707e+08	2900.000000	1.01784e+09	
3000.000000	8.71686e+10	3000.000000	6.54037e+10	3000.000000	6.57855e+10	3000.000000	6.58496e+10	3000.000000	6.58094e+10	3000.000000	3.45827e+08	3000.000000	2.68434e+08	3000.000000	7.65997e+08	3000.000000	7.72072e+08	3000.000000	1.05219e+09	
3200.000000	9.33647e+10	3200.000000	7.01764e+10	3200.000000	7.07453e+10	3200.000000	7.08142e+10	3200.000000	7.07708e+10	3200.000000	3.61682e+08	3200.000000	2.89623e+08	3200.000000	8.09138e+08	3200.000000	8.19911e+08	3200.000000	1.11974e+09	
3400.000000	9.94541e+10	3400.000000	7.48986e+10	3400.000000	7.56907e+10	3400.000000	7.57643e+10	3400.000000	7.57177e+10	3400.000000	3.7688e+08	3400.000000	3.1103e+08	3400.000000	8.5101e+08	3400.000000	8.66601e+08	3400.000000	1.18582e+09	
3600.000000	1.05434e+11	3600.000000	7.95682e+10	3600.000000	8.06203e+10	3600.000000	8.06985e+10	3600.000000	8.06488e+10	3600.000000	3.91478e+08	3600.000000	3.32648e+08	3600.000000	8.9169e+08	3600.000000	9.12191e+08	3600.000000	1.25047e+09	
3800.000000	1.11304e+11	3800.000000	8.41837e+10	3800.000000	8.55332e+10	3800.000000	8.5616e+10	3800.000000	8.55632e+10	3800.000000	4.05525e+08	3800.000000	3.54472e+08	3800.000000	9.31252e+08	3800.000000	9.56726e+08	3800.000000	1.31373e+09	
4000.000000	1.17062e+11	4000.000000	8.87444e+10	4000.000000	9.04289e+10	4000.000000	9.05162e+10	4000.000000	9.04603e+10	4000.000000	4.19066e+08	4000.000000	3.76496e+08	4000.000000	9.69761e+08	4000.000000	1.00025e+09	4000.000000	1.37568e+09	
4200.000000	1.22709e+11	4200.000000	9.32499e+10	4200.000000	9.53071e+10	4200.000000	9.53989e+10	4200.000000	9.534e+10 	4200.000000	4.3214e+08	4200.000000	3.98714e+08	4200.000000	1.00728e+09	4200.000000	1.04282e+09	4200.000000	1.43635e+09	
4400.000000	1.28246e+11	4400.000000	9.77001e+10	4400.000000	1.00168e+11	4400.000000	1.00264e+11	4400.000000	1.00202e+11	4400.000000	4.44782e+08	4400.000000	4.21123e+08	4400.000000	1.04386e+09	4400.000000	1.08446e+09	4400.000000	1.4958e+09	
4600.000000	1.33673e+11	4600.000000	1.02095e+11	4600.000000	1.0501e+11	4600.000000	1.05111e+11	4600.000000	1.05046e+11	4600.000000	4.57023e+08	4600.000000	4.4372e+08	4600.000000	1.07957e+09	4600.000000	1.12522e+09	4600.000000	1.55408e+09	
4800.000000	1.38993e+11	4800.000000	1.06435e+11	4800.000000	1.09835e+11	4800.000000	1.0994e+11	4800.000000	1.09873e+11	4800.000000	4.68891e+08	4800.000000	4.66501e+08	4800.000000	1.11443e+09	4800.000000	1.16513e+09	4800.000000	1.61123e+09	
5000.000000	1.44207e+11	5000.000000	1.10721e+11	5000.000000	1.14643e+11	5000.000000	1.14752e+11	5000.000000	1.14682e+11	5000.000000	4.80411e+08	5000.000000	4.89466e+08	5000.000000	1.14851e+09	5000.000000	1.20425e+09	5000.000000	1.66731e+09	
5250.000000	1.50578e+11	5250.000000	1.16003e+11	5250.000000	1.20628e+11	5250.000000	1.20743e+11	5250.000000	1.20669e+11	5250.000000	4.94357e+08	5250.000000	5.18426e+08	5250.000000	1.19006e+09	5250.000000	1.25205e+09	5250.000000	1.73596e+09	
5500.000000	1.56791e+11	5500.000000	1.21202e+11	5500.000000	1.26587e+11	5500.000000	1.26707e+11	5500.000000	1.26629e+11	5500.000000	5.07835e+08	5500.000000	5.47664e+08	5500.000000	1.23052e+09	5500.000000	1.29872e+09	5500.000000	1.80307e+09	
6000.000000	1.68759e+11	6000.000000	1.3136e+11	6000.000000	1.38427e+11	6000.000000	1.38558e+11	6000.000000	1.38472e+11	6000.000000	5.33524e+08	6000.000000	6.06962e+08	6000.000000	1.3084e+09	6000.000000	1.38886e+09	6000.000000	1.93298e+09	
6500.000000	1.80145e+11	6500.000000	1.41208e+11	6500.000000	1.50168e+11	6500.000000	1.50309e+11	6500.000000	1.50216e+11	6500.000000	5.57716e+08	6500.000000	6.67327e+08	6500.000000	1.38264e+09	6500.000000	1.47509e+09	6500.000000	2.05759e+09	
7000.000000	1.90985e+11	7000.000000	1.5076e+11	7000.000000	1.61815e+11	7000.000000	1.61965e+11	7000.000000	1.61866e+11	7000.000000	5.80606e+08	7000.000000	7.2873e+08	7000.000000	1.4536e+09	7000.000000	1.55777e+09	7000.000000	2.17737e+09	
7500.000000	2.01314e+11	7500.000000	1.60032e+11	7500.000000	1.73372e+11	7500.000000	1.73533e+11	7500.000000	1.73427e+11	7500.000000	6.02349e+08	7500.000000	7.91141e+08	7500.000000	1.52164e+09	7500.000000	1.63723e+09	7500.000000	2.29274e+09	
8000.000000	2.11163e+11	8000.000000	1.69036e+11	8000.000000	1.84845e+11	8000.000000	1.85015e+11	8000.000000	1.84902e+11	8000.000000	6.23077e+08	8000.000000	8.54533e+08	8000.000000	1.58703e+09	8000.000000	1.71375e+09	8000.000000	2.40408e+09	
8500.000000	2.20564e+11	8500.000000	1.77787e+11	8500.000000	1.96237e+11	8500.000000	1.96417e+11	8500.000000	1.96298e+11	8500.000000	6.42896e+08	8500.000000	9.1888e+08	8500.000000	1.65001e+09	8500.000000	1.78756e+09	8500.000000	2.51169e+09	
9000.000000	2.29544e+11	9000.000000	1.86297e+11	9000.000000	2.07553e+11	9000.000000	2.07743e+11	9000.000000	2.07617e+11	9000.000000	6.619e+08 	9000.000000	9.84159e+08	9000.000000	1.7108e+09	9000.000000	1.85888e+09	9000.000000	2.61588e+09	
9500.000000	2.38132e+11	9500.000000	1.94579e+11	9500.000000	2.18798e+11	9500.000000	2.18996e+11	9500.000000	2.18864e+11	9500.000000	6.80167e+08	9500.000000	1.05034e+09	9500.000000	1.76957e+09	9500.000000	1.92791e+09	9500.000000	2.7169e+09	
10000.000000	2.46351e+11	10000.000000	2.02643e+11	10000.000000	2.29973e+11	10000.000000	2.3018e+11	10000.000000	2.30043e+11	10000.000000	6.97762e+08	10000.000000	1.11741e+09	10000.000000	1.82648e+09	10000.000000	1.99481e+09	10000.000000	2.81496e+09	
11000.000000	2.61775e+11	11000.000000	2.18163e+11	11000.000000	2.5213e+11	11000.000000	2.52356e+11	11000.000000	2.52206e+11	11000.000000	7.31167e+08	11000.000000	1.25412e+09	11000.000000	1.93529e+09	11000.000000	2.12281e+09	11000.000000	3.00304e+09	
12000.000000	2.75977e+11	12000.000000	2.32935e+11	12000.000000	2.7405e+11	12000.000000	2.74293e+11	12000.000000	2.74132e+11	12000.000000	7.62498e+08	12000.000000	1.39416e+09	12000.000000	2.03816e+09	12000.000000	2.2439e+09	12000.000000	3.18149e+09	
13000.000000	2.89097e+11	13000.000000	2.47027e+11	13000.000000	2.95753e+11	13000.000000	2.96013e+11	13000.000000	2.9584e+11	13000.000000	7.92051e+08	13000.000000	1.5374e+09	13000.000000	2.13586e+09	13000.000000	2.35893e+09	13000.000000	3.35147e+09	
14000.000000	3.01255e+11	14000.000000	2.60498e+11	14000.000000	3.17256e+11	14000.000000	3.17532e+11	14000.000000	3.17348e+11	14000.000000	8.20061e+08	14000.000000	1.68365e+09	14000.000000	2.229e+09 	14000.000000	2.46857e+09	14000.000000	3.5139e+09	
15000.000000	3.12554e+11	15000.000000	2.73401e+11	15000.000000	3.38572e+11	15000.000000	3.38866e+11	15000.000000	3.38671e+11	15000.000000	8.4672e+08	15000.000000	1.83275e+09	15000.000000	2.31809e+09	15000.000000	2.57341e+09	15000.000000	3.66957e+09	
16000.000000	3.23082e+11	16000.000000	2.85783e+11	16000.000000	3.59717e+11	16000.000000	3.60029e+11	16000.000000	3.59823e+11	16000.000000	8.72181e+08	16000.000000	1.98458e+09	16000.000000	2.40354e+09	16000.000000	2.67392e+09	16000.000000	3.81916e+09	
17000.000000	3.32916e+11	17000.000000	2.97685e+11	17000.000000	3.80701e+11	17000.000000	3.81032e+11	17000.000000	3.80816e+11	17000.000000	8.96575e+08	17000.000000	2.13907e+09	17000.000000	2.48571e+09	17000.000000	2.77051e+09	17000.000000	3.96321e+09	
18000.000000	3.42123e+11	18000.000000	3.09143e+11	18000.000000	4.01537e+11	18000.000000	4.01887e+11	18000.000000	4.01661e+11	18000.000000	9.2001e+08	18000.000000	2.29618e+09	18000.000000	2.56491e+09	18000.000000	2.86354e+09	18000.000000	4.10223e+09	
19000.000000	3.50761e+11	19000.000000	3.20189e+11	19000.000000	4.22234e+11	19000.000000	4.22601e+11	19000.000000	4.22365e+11	19000.000000	9.42577e+08	19000.000000	2.45585e+09	19000.000000	2.6414e+09	19000.000000	2.95332e+09	19000.000000	4.23663e+09	
20000.000000	3.58881e+11	20000.000000	3.30853e+11	20000.000000	4.42801e+11	20000.000000	4.43184e+11	20000.000000	4.42939e+11	20000.000000	9.64356e+08	20000.000000	2.61803e+09	20000.000000	2.7154e+09	20000.000000	3.0401e+09	20000.000000	4.36679e+09	
21000.000000	3.6653e+11	21000.000000	3.41161e+11	21000.000000	4.63246e+11	21000.000000	4.63644e+11	21000.000000	4.63389e+11	21000.000000	9.85414e+08	21000.000000	2.78268e+09	21000.000000	2.7871e+09	21000.000000	3.12413e+09	21000.000000	4.49302e+09	
22000.000000	3.73747e+11	22000.000000	3.51136e+11	22000.000000	4.83575e+11	22000.000000	4.83986e+11	22000.000000	4.83723e+11	22000.000000	1.00581e+09	22000.000000	2.9497e+09	22000.000000	2.85669e+09	22000.000000	3.2056e+09	22000.000000	4.61562e+09	
23000.000000	3.80568e+11	23000.000000	3.608e+11 	23000.000000	5.03793e+11	23000.000000	5.04218e+11	23000.000000	5.03945e+11	23000.000000	1.0256e+09	23000.000000	3.11907e+09	23000.000000	2.92432e+09	23000.000000	3.28471e+09	23000.000000	4.73485e+09	
24000.000000	3.87024e+11	24000.000000	3.70172e+11	24000.000000	5.23906e+11	24000.000000	5.24344e+11	24000.000000	5.24063e+11	24000.000000	1.04482e+09	24000.000000	3.29072e+09	24000.000000	2.99012e+09	24000.000000	3.3616e+09	24000.000000	4.85092e+09	
25000.000000	3.93144e+11	25000.000000	3.7927e+11	25000.000000	5.43919e+11	25000.000000	5.4437e+11	25000.000000	5.44081e+11	25000.000000	1.06352e+09	25000.000000	3.46446e+09	25000.000000	3.05421e+09	25000.000000	3.43644e+09	25000.000000	4.96404e+09	
26000.000000	3.98953e+11	26000.000000	3.88109e+11	26000.000000	5.63836e+11	26000.000000	5.643e+11 	26000.000000	5.64003e+11	26000.000000	1.08173e+09	26000.000000	3.64018e+09	26000.000000	3.1167e+09	26000.000000	3.50934e+09	26000.000000	5.0744e+09	
27000.000000	4.04475e+11	27000.000000	3.96704e+11	27000.000000	5.83663e+11	27000.000000	5.8414e+11	27000.000000	5.83835e+11	27000.000000	1.09949e+09	27000.000000	3.81791e+09	27000.000000	3.17769e+09	27000.000000	3.58043e+09	27000.000000	5.18216e+09	
28000.000000	4.0973e+11	28000.000000	4.05069e+11	28000.000000	6.03402e+11	28000.000000	6.03892e+11	28000.000000	6.03579e+11	28000.000000	1.11681e+09	28000.000000	3.99772e+09	28000.000000	3.23727e+09	28000.000000	3.64982e+09	28000.000000	5.28748e+09	
29000.000000	4.14738e+11	29000.000000	4.13215e+11	29000.000000	6.23057e+11	29000.000000	6.2356e+11	29000.000000	6.2324e+11	29000.000000	1.13374e+09	29000.000000	4.17959e+09	29000.000000	3.29552e+09	29000.000000	3.71759e+09	29000.000000	5.39048e+09	
30000.000000	4.19514e+11	30000.000000	4.21156e+11	30000.000000	6.42633e+11	30000.000000	6.43149e+11	30000.000000	6.42821e+11	30000.000000	1.15029e+09	30000.000000	4.36347e+09	30000.000000	3.35251e+09	30000.000000	3.78385e+09	30000.000000	5.4913e+09	
32000.000000	4.28433e+11	32000.000000	4.36457e+11	32000.000000	6.81559e+11	32000.000000	6.82097e+11	32000.000000	6.81756e+11	32000.000000	1.18235e+09	32000.000000	4.73701e+09	32000.000000	3.46299e+09	32000.000000	3.91213e+09	32000.000000	5.68684e+09	
34000.000000	4.36597e+11	34000.000000	4.51049e+11	34000.000000	7.202e+11 	34000.000000	7.20761e+11	34000.000000	7.20407e+11	34000.000000	1.21313e+09	34000.000000	5.11787e+09	34000.000000	3.56916e+09	34000.000000	4.03521e+09	34000.000000	5.87489e+09	
36000.000000	4.44097e+11	36000.000000	4.64994e+11	36000.000000	7.58578e+11	36000.000000	7.59158e+11	36000.000000	7.58793e+11	36000.000000	1.24277e+09	36000.000000	5.50565e+09	36000.000000	3.67145e+09	36000.000000	4.1536e+09	36000.000000	6.05615e+09	
38000.000000	4.51009e+11	38000.000000	4.78351e+11	38000.000000	7.96708e+11	38000.000000	7.97308e+11	38000.000000	7.96931e+11	38000.000000	1.27136e+09	38000.000000	5.90011e+09	38000.000000	3.77018e+09	38000.000000	4.2677e+09	38000.000000	6.23121e+09	
40000.000000	4.57399e+11	40000.000000	4.91167e+11	40000.000000	8.34607e+11	40000.000000	8.35225e+11	40000.000000	8.34839e+11	40000.000000	1.29901e+09	40000.000000	6.30107e+09	40000.000000	3.86566e+09	40000.000000	4.37789e+09	40000.000000	6.40059e+09	
42000.000000	4.63323e+11	42000.000000	5.03486e+11	42000.000000	8.72288e+11	42000.000000	8.72924e+11	42000.000000	8.72528e+11	42000.000000	1.32579e+09	42000.000000	6.70838e+09	42000.000000	3.95815e+09	42000.000000	4.48447e+09	42000.000000	6.56473e+09	
44000.000000	4.68827e+11	44000.000000	5.15346e+11	44000.000000	9.09763e+11	44000.000000	9.10417e+11	44000.000000	9.10013e+11	44000.000000	1.35178e+09	44000.000000	7.12194e+09	44000.000000	4.04787e+09	44000.000000	4.58772e+09	44000.000000	6.72403e+09	
46000.000000	4.73956e+11	46000.000000	5.26782e+11	46000.000000	9.47045e+11	46000.000000	9.47714e+11	46000.000000	9.47303e+11	46000.000000	1.37702e+09	46000.000000	7.54163e+09	46000.000000	4.13503e+09	46000.000000	4.68788e+09	46000.000000	6.87883e+09	
48000.000000	4.78744e+11	48000.000000	5.37822e+11	48000.000000	9.84142e+11	48000.000000	9.84827e+11	48000.000000	9.8441e+11	48000.000000	1.40159e+09	48000.000000	7.96734e+09	48000.000000	4.21979e+09	48000.000000	4.78518e+09	48000.000000	7.02945e+09	
50000.000000	4.83224e+11	50000.000000	5.48495e+11	50000.000000	1.02106e+12	50000.000000	1.02176e+12	50000.000000	1.02134e+12	50000.000000	1.42551e+09	50000.000000	8.39891e+09	50000.000000	4.30233e+09	50000.000000	4.8798e+09	50000.000000	7.17616e+09	
