! 3H range in H180C10F40
! apply ZOOM for details
Energy (MeV/u)1	0 - [He-base] F.Hubert et al, AD&ND Tables 46(1990)1	Energy (MeV/u)2	1 - [H -base] J.F.Ziegler et al,Pergamon Press,NY(low energy)	Energy (MeV/u)3	2 - ATIMA 1.2 LS-theory (recommended for high energy)	Energy (MeV/u)4	3 - ATIMA 1.2 without LS-correction	Energy (MeV/u)5	4 - ATIMA 1.4 H.Weick, improved mean charge formula for HI	Energy (MeV/u)6	5 - Range straggling - method [0] - LISE	Energy (MeV/u)7	6 - Range straggling - method [1] - Atima	Energy (MeV/u)8	7 - Lateral range - method [0] - LISE	Energy (MeV/u)9	8 - Lateral range - method [1] - Atima	Energy (MeV/u)10	9 - Lateral range - method [2] - PDG	
0.001000	314.488   	0.001000	314.488   	0.001000	279.505   	0.001000	279.505   	0.001000	279.574   	0.001000	0         	0.001000	0         	0.001000	4.20709   	0.001000	8.42796   	0.001000	4.31405   	
0.002000	628.977   	0.002000	628.977   	0.002000	559.01    	0.002000	559.01    	0.002000	559.147   	0.002000	19.4751   	0.002000	19.4751   	0.002000	12.3204   	0.002000	23.8471   	0.002000	13.2217   	
0.005000	1359.58   	0.005000	1359.58   	0.005000	1239.66   	0.005000	1239.66   	0.005000	1239.87   	0.005000	22.7035   	0.005000	22.7035   	0.005000	41.8426   	0.005000	78.4576   	0.005000	46.6085   	
0.008000	1946.56   	0.008000	1946.56   	0.008000	1807.96   	0.008000	1807.96   	0.008000	1808.2    	0.008000	22.824    	0.008000	22.824    	0.008000	74.8719   	0.008000	138.153   	0.008000	84.857    	
0.010000	2294.47   	0.010000	2294.47   	0.010000	2151.4    	0.010000	2151.4    	0.010000	2151.64   	0.010000	23.2423   	0.010000	23.2423   	0.010000	97.9246   	0.010000	179.347   	0.010000	111.848   	
0.015000	3027.34   	0.015000	3027.34   	0.015000	2930.2    	0.015000	2930.2    	0.015000	2930.46   	0.015000	25.4096   	0.015000	25.4096   	0.015000	154.357   	0.015000	276.44    	0.015000	182.603   	
0.020000	3621.5    	0.020000	3621.5    	0.020000	3631.18   	0.020000	3631.18   	0.020000	3631.45   	0.020000	28.3772   	0.020000	28.3772   	0.020000	206.953   	0.020000	361.061   	0.020000	249.161   	
0.025000	4135.99   	0.025000	4135.99   	0.025000	4278.53   	0.025000	4278.53   	0.025000	4278.81   	0.025000	31.5421   	0.025000	31.5421   	0.025000	258.019   	0.025000	439.977   	0.025000	297.45    	
0.030000	4601.14   	0.030000	4601.14   	0.030000	4885.46   	0.030000	4885.46   	0.030000	4885.74   	0.030000	34.6538   	0.030000	34.6538   	0.030000	306.835   	0.030000	513.58    	0.030000	336.002   	
0.035000	5034.43   	0.035000	5034.43   	0.035000	5461.37   	0.035000	5461.37   	0.035000	5461.65   	0.035000	37.6379   	0.035000	37.6379   	0.035000	347.527   	0.035000	574.797   	0.035000	368.22    	
0.040000	5446.54   	0.040000	5446.54   	0.040000	6013.32   	0.040000	6013.32   	0.040000	6013.6    	0.040000	40.4882   	0.040000	40.4882   	0.040000	381.586   	0.040000	625.953   	0.040000	395.922   	
0.045000	5844.34   	0.045000	5844.34   	0.045000	6546.42   	0.045000	6546.42   	0.045000	6546.7    	0.045000	43.2164   	0.045000	43.2164   	0.045000	411.207   	0.045000	669.707   	0.045000	420.758   	
0.050000	6232.46   	0.050000	6232.46   	0.050000	7064.5    	0.050000	7064.5    	0.050000	7064.79   	0.050000	45.8394   	0.050000	47.54     	0.050000	437.635   	0.050000	708.603   	0.050000	443.076   	
0.055000	6614.19   	0.055000	6614.19   	0.055000	7570.55   	0.055000	7570.55   	0.055000	7570.84   	0.055000	48.3743   	0.055000	52.3408   	0.055000	461.725   	0.055000	743.901   	0.055000	463.669   	
0.060000	6991.96   	0.060000	6991.96   	0.060000	8066.93   	0.060000	8066.93   	0.060000	8067.23   	0.060000	50.837    	0.060000	56.6986   	0.060000	483.879   	0.060000	776.218   	0.060000	482.807   	
0.070000	7742.79   	0.070000	7742.79   	0.070000	9038.08   	0.070000	9038.08   	0.070000	9038.38   	0.070000	55.6005   	0.070000	64.5188   	0.070000	523.684   	0.070000	833.899   	0.070000	517.641   	
0.080000	8495.82   	0.080000	8495.82   	0.080000	9989.82   	0.080000	9989.82   	0.080000	9990.12   	0.080000	60.2227   	0.080000	71.5689   	0.080000	559.23    	0.080000	884.995   	0.080000	549.197   	
0.090000	9258.28   	0.090000	9258.28   	0.090000	10930.7   	0.090000	10930.7   	0.090000	10931     	0.090000	64.7744   	0.090000	78.1523   	0.090000	592.132   	0.090000	931.912   	0.090000	578.575   	
0.100000	10035.1   	0.100000	10035.1   	0.100000	11867     	0.100000	11867     	0.100000	11867.3   	0.100000	69.3099   	0.100000	84.454    	0.100000	622.507   	0.100000	974.984   	0.100000	606.088   	
0.120000	11644.6   	0.120000	11644.6   	0.120000	13744.9   	0.120000	13744.9   	0.120000	13745.2   	0.120000	78.4952   	0.120000	96.666    	0.120000	679.21    	0.120000	1054.62   	0.120000	657.745   	
0.140000	13341.2   	0.140000	13341.2   	0.140000	15651.8   	0.140000	15651.8   	0.140000	15652.1   	0.140000	88.0302   	0.140000	108.826   	0.140000	732.215   	0.140000	1128.21   	0.140000	706.675   	
0.160000	15133.4   	0.160000	15133.4   	0.160000	17606.6   	0.160000	17606.6   	0.160000	17606.9   	0.160000	98.0852   	0.160000	121.086   	0.160000	783.194   	0.160000	1198.33   	0.160000	754.23    	
0.180000	17024.8   	0.180000	17024.8   	0.180000	19622.2   	0.180000	19622.2   	0.180000	19622.5   	0.180000	108.78    	0.180000	133.541   	0.180000	833.046   	0.180000	1266.36   	0.180000	800.946   	
0.200000	19016.9   	0.200000	19016.9   	0.200000	21708.1   	0.200000	21708.1   	0.200000	21708.4   	0.200000	120.202   	0.200000	146.355   	0.200000	882.55    	0.200000	1333.42   	0.200000	847.756   	
0.250000	24437.1   	0.250000	24437.1   	0.250000	27270.2   	0.250000	27270.2   	0.250000	27270.5   	0.250000	152.311   	0.250000	180.607   	0.250000	1006.93   	0.250000	1500.1    	0.250000	966.318   	
0.300000	30474.9   	0.300000	30474.9   	0.300000	33375.5   	0.300000	33375.5   	0.300000	33375.8   	0.300000	189.91    	0.300000	218.672   	0.300000	1135.7    	0.300000	1670.24   	0.300000	1090.64   	
0.350000	37113.3   	0.350000	37113.3   	0.350000	40055.5   	0.350000	40055.5   	0.350000	40055.8   	0.350000	233.228   	0.350000	260.939   	0.350000	1270.74   	0.350000	1846.82   	0.350000	1221.78   	
0.400000	44335     	0.400000	44335     	0.400000	47323.3   	0.400000	47323.3   	0.400000	47323.6   	0.400000	282.296   	0.400000	307.448   	0.400000	1413.15   	0.400000	2031.28   	0.400000	1360.79   	
0.450000	52124.7   	0.450000	52124.7   	0.450000	55181.6   	0.450000	55181.6   	0.450000	55181.9   	0.450000	337.042   	0.450000	358.089   	0.450000	1563.52   	0.450000	2224.47   	0.450000	1508.45   	
0.500000	60468.7   	0.500000	60468.7   	0.500000	63627.3   	0.500000	63627.3   	0.500000	63627.6   	0.500000	397.333   	0.500000	412.692   	0.500000	1722.16   	0.500000	2426.77   	0.500000	1664.68   	
0.600000	78773     	0.600000	78773     	0.600000	82251.2   	0.600000	82251.2   	0.600000	82251.5   	0.600000	533.917   	0.600000	534.236   	0.600000	2057.79   	0.600000	2859.09   	0.600000	2003.32   	
0.700000	99167.9   	0.700000	99167.9   	0.700000	103123    	0.700000	103123    	0.700000	103123    	0.700000	690.764   	0.700000	676.097   	0.700000	2424.7    	0.700000	3327.33   	0.700000	2375.9    	
0.800000	121589    	0.800000	121589    	0.800000	126165    	0.800000	126165    	0.800000	126165    	0.800000	866.704   	0.800000	835.087   	0.800000	2823.39   	0.800000	3830.5    	0.800000	2771      	
0.900000	145983    	0.900000	145983    	0.900000	151302    	0.900000	151302    	0.900000	151302    	0.900000	1060.76   	0.900000	1008.41   	0.900000	3252.9    	0.900000	4367.07   	0.900000	3164.09   	
1.000000	172306    	1.000000	172306    	1.000000	178469    	1.000000	178469    	1.000000	178470    	1.000000	1272.17   	1.000000	1194.29   	1.000000	3712.08   	1.000000	4935.37   	1.000000	3587.84   	
1.250000	246308    	1.250000	246308    	1.250000	254915    	1.250000	254915    	1.250000	254915    	1.250000	1872.85   	1.250000	1707      	1.250000	4982.05   	1.250000	6461.86   	1.250000	4774.11   	
1.500000	331645    	1.500000	331645    	1.500000	343018    	1.500000	343018    	1.500000	343018    	1.500000	2571.89   	1.500000	2280.76   	1.500000	6383.31   	1.500000	8122.24   	1.500000	6132.96   	
1.750000	427941    	1.750000	427941    	1.750000	442287    	1.750000	442287    	1.750000	442287    	1.750000	3365.48   	1.750000	2910.29   	1.750000	7929.63   	1.750000	9933.04   	1.750000	7656.16   	
2.000000	534894    	2.000000	534894    	2.000000	552361    	2.000000	552361    	2.000000	552361    	2.000000	4251.27   	2.000000	3592.54   	2.000000	9633.63   	2.000000	11907.4   	2.000000	9337.75   	
2.250000	652252    	2.250000	652252    	2.250000	672962    	2.250000	672962    	2.250000	672962    	2.250000	5227.65   	2.250000	4325.57   	2.250000	11490.7   	2.250000	14038.7   	2.250000	11173.2   	
2.500000	780001    	2.500000	779801    	2.500000	803866    	2.500000	803866    	2.500000	803866    	2.500000	6293.42   	2.500000	5108.01   	2.500000	13497.2   	2.500000	16321.5   	2.500000	13159.1   	
3.000000	1.07758e+06	3.000000	1.06474e+06	3.000000	1.09587e+06	3.000000	1.09587e+06	3.000000	1.09587e+06	3.000000	8689.62   	3.000000	6817.3    	3.000000	17947.5   	3.000000	21325.6   	3.000000	17571.2   	
3.500000	1.41535e+06	3.500000	1.38847e+06	3.500000	1.4272e+06	3.500000	1.4272e+06	3.500000	1.4272e+06	3.500000	11434.1   	3.500000	8714.01   	3.500000	22966.5   	3.500000	26893.2   	3.500000	22556.4   	
4.000000	1.79241e+06	4.000000	1.74997e+06	4.000000	1.79694e+06	4.000000	1.79694e+06	4.000000	1.79694e+06	4.000000	14522.7   	4.000000	10793.2   	4.000000	28541.3   	4.000000	33004.7   	4.000000	28101.7   	
4.500000	2.20802e+06	4.500000	2.14839e+06	4.500000	2.20435e+06	4.500000	2.20435e+06	4.500000	2.20435e+06	4.500000	17951.6   	4.500000	13050.9   	4.500000	34661.6   	4.500000	39644.7   	4.500000	34197     	
5.000000	2.66154e+06	5.000000	2.58301e+06	5.000000	2.64882e+06	5.000000	2.64882e+06	5.000000	2.64882e+06	5.000000	21718.1   	5.000000	15483.6   	5.000000	41319.1   	5.000000	46800.5   	5.000000	40834.1   	
5.500000	3.1524e+06	5.500000	3.05321e+06	5.500000	3.12981e+06	5.500000	3.12981e+06	5.500000	3.12981e+06	5.500000	25819.4   	5.500000	18088.4   	5.500000	48506.9   	5.500000	54461.2   	5.500000	48005.9   	
6.000000	3.68008e+06	6.000000	3.55843e+06	6.000000	3.64686e+06	6.000000	3.64686e+06	6.000000	3.64686e+06	6.000000	30253.2   	6.000000	20862.6   	6.000000	56219     	6.000000	62617.8   	6.000000	55706.6   	
6.500000	4.24412e+06	6.500000	4.09817e+06	6.500000	4.19956e+06	6.500000	4.19956e+06	6.500000	4.19956e+06	6.500000	35017.5   	6.500000	23803.9   	6.500000	64450.2   	6.500000	71262.2   	6.500000	63930.9   	
7.000000	4.84409e+06	7.000000	4.672e+06 	7.000000	4.78753e+06	7.000000	4.78753e+06	7.000000	4.78753e+06	7.000000	40110.3   	7.000000	26910.3   	7.000000	73196     	7.000000	80387.2   	7.000000	72674.4   	
7.500000	5.4796e+06	7.500000	5.27949e+06	7.500000	5.41046e+06	7.500000	5.41046e+06	7.500000	5.41046e+06	7.500000	45530     	7.500000	30179.6   	7.500000	82452.2   	7.500000	89986.2   	7.500000	81932.8   	
8.000000	6.15029e+06	8.000000	5.9203e+06	8.000000	6.06802e+06	8.000000	6.06802e+06	8.000000	6.06802e+06	8.000000	51274.9   	8.000000	33610.2   	8.000000	92215.1   	8.000000	100054    	8.000000	91702.6   	
8.500000	6.8558e+06	8.500000	6.59406e+06	8.500000	6.75994e+06	8.500000	6.75994e+06	8.500000	6.75994e+06	8.500000	57343.5   	8.500000	37200.8   	8.500000	102482    	8.500000	110584    	8.500000	101981    	
9.000000	7.59583e+06	9.000000	7.30048e+06	9.000000	7.48596e+06	9.000000	7.48596e+06	9.000000	7.48596e+06	9.000000	63734.6   	9.000000	40949.8   	9.000000	113248    	9.000000	121573    	9.000000	112764    	
9.500000	8.37006e+06	9.500000	8.03925e+06	9.500000	8.24584e+06	9.500000	8.24584e+06	9.500000	8.24584e+06	9.500000	70446.8   	9.500000	44855.3   	9.500000	124513    	9.500000	133016    	9.500000	124049    	
10.000000	9.1782e+06	10.000000	8.8107e+06	10.000000	9.03936e+06	10.000000	9.03936e+06	10.000000	9.03936e+06	10.000000	77478.9   	10.000000	48915.2   	10.000000	136272    	10.000000	144909    	10.000000	135834    	
11.000000	1.08952e+07	11.000000	1.04862e+07	11.000000	1.07274e+07	11.000000	1.07274e+07	11.000000	1.07275e+07	11.000000	92523.5   	11.000000	57507.6   	11.000000	161284    	11.000000	170045    	11.000000	160911    	
12.000000	1.27446e+07	12.000000	1.22929e+07	12.000000	1.25494e+07	12.000000	1.25494e+07	12.000000	1.25496e+07	12.000000	108879    	12.000000	66734     	12.000000	188285    	12.000000	196970    	12.000000	187997    	
13.000000	1.47248e+07	13.000000	1.42293e+07	13.000000	1.4504e+07	13.000000	1.45039e+07	13.000000	1.45044e+07	13.000000	126530    	13.000000	76580.6   	13.000000	217257    	13.000000	225660    	13.000000	217074    	
14.000000	1.68338e+07	14.000000	1.62938e+07	14.000000	1.65896e+07	14.000000	1.65896e+07	14.000000	1.65904e+07	14.000000	145464    	14.000000	87032.4   	14.000000	248184    	14.000000	256089    	14.000000	248128    	
15.000000	1.90701e+07	15.000000	1.84849e+07	15.000000	1.8805e+07	15.000000	1.8805e+07	15.000000	1.88061e+07	15.000000	165665    	15.000000	98083.4   	15.000000	281051    	15.000000	288234    	15.000000	281143    	
16.000000	2.14322e+07	16.000000	2.08015e+07	16.000000	2.11488e+07	16.000000	2.11487e+07	16.000000	2.11503e+07	16.000000	187120    	16.000000	109725    	16.000000	315841    	16.000000	322072    	16.000000	316102    	
17.000000	2.39185e+07	17.000000	2.32421e+07	17.000000	2.36196e+07	17.000000	2.36196e+07	17.000000	2.36216e+07	17.000000	209815    	17.000000	121942    	17.000000	352537    	17.000000	357581    	17.000000	352990    	
18.000000	2.65278e+07	18.000000	2.58057e+07	18.000000	2.6216e+07	18.000000	2.62161e+07	18.000000	2.62187e+07	18.000000	233734    	18.000000	134723    	18.000000	391121    	18.000000	394739    	18.000000	391790    	
19.000000	2.92588e+07	19.000000	2.8491e+07	19.000000	2.89367e+07	19.000000	2.89371e+07	19.000000	2.89402e+07	19.000000	258861    	19.000000	148057    	19.000000	431575    	19.000000	433523    	19.000000	432483    	
20.000000	3.21101e+07	20.000000	3.12969e+07	20.000000	3.17806e+07	20.000000	3.17811e+07	20.000000	3.17849e+07	20.000000	285179    	20.000000	161935    	20.000000	473879    	20.000000	473909    	20.000000	475052    	
21.000000	3.50807e+07	21.000000	3.42224e+07	21.000000	3.4746e+07	21.000000	3.47468e+07	21.000000	3.47513e+07	21.000000	312671    	21.000000	176346    	21.000000	518014    	21.000000	515876    	21.000000	519477    	
22.000000	3.81694e+07	22.000000	3.72666e+07	22.000000	3.78318e+07	22.000000	3.78329e+07	22.000000	3.78382e+07	22.000000	341318    	22.000000	191281    	22.000000	563958    	22.000000	559401    	22.000000	565739    	
23.000000	4.13751e+07	23.000000	4.04283e+07	23.000000	4.10366e+07	23.000000	4.10379e+07	23.000000	4.1044e+07	23.000000	371101    	23.000000	206728    	23.000000	611692    	23.000000	604459    	23.000000	613818    	
24.000000	4.46967e+07	24.000000	4.37067e+07	24.000000	4.43588e+07	24.000000	4.43605e+07	24.000000	4.43675e+07	24.000000	402000    	24.000000	222673    	24.000000	661192    	24.000000	651029    	24.000000	663691    	
25.000000	4.81333e+07	25.000000	4.71008e+07	25.000000	4.77969e+07	25.000000	4.77992e+07	25.000000	4.78071e+07	25.000000	433995    	25.000000	239101    	25.000000	712436    	25.000000	699086    	25.000000	715338    	
27.000000	5.53476e+07	27.000000	5.42327e+07	27.000000	5.50152e+07	27.000000	5.50192e+07	27.000000	5.50291e+07	27.000000	501182    	27.000000	273362    	27.000000	820059    	27.000000	799563    	27.000000	823859    	
29.000000	6.30105e+07	29.000000	6.18174e+07	29.000000	6.268e+07 	29.000000	6.26861e+07	29.000000	6.26982e+07	29.000000	572483    	29.000000	309442    	29.000000	934364    	29.000000	905694    	29.000000	939188    	
31.000000	7.11149e+07	31.000000	6.98483e+07	31.000000	7.07806e+07	31.000000	7.0789e+07	31.000000	7.08035e+07	31.000000	647743    	31.000000	347261    	31.000000	1.05517e+06	31.000000	1.0173e+06	31.000000	1.06115e+06	
33.000000	7.96545e+07	33.000000	7.83193e+07	33.000000	7.93156e+07	33.000000	7.93264e+07	33.000000	7.93431e+07	33.000000	727043    	33.000000	386834    	33.000000	1.18244e+06	33.000000	1.13434e+06	33.000000	1.18973e+06	
35.000000	8.86228e+07	35.000000	8.72247e+07	35.000000	8.82803e+07	35.000000	8.82936e+07	35.000000	8.83125e+07	35.000000	810359    	35.000000	428157    	35.000000	1.31612e+06	35.000000	1.25674e+06	35.000000	1.32486e+06	
38.000000	1.02867e+08	38.000000	1.01385e+08	38.000000	1.02521e+08	38.000000	1.02538e+08	38.000000	1.0256e+08	38.000000	942741    	38.000000	493387    	38.000000	1.52845e+06	38.000000	1.45018e+06	38.000000	1.53967e+06	
41.000000	1.18043e+08	41.000000	1.16492e+08	41.000000	1.17696e+08	41.000000	1.1772e+08	41.000000	1.17745e+08	41.000000	1.08385e+06	41.000000	562377    	41.000000	1.7547e+06	41.000000	1.6552e+06	41.000000	1.76878e+06	
44.000000	1.34136e+08	44.000000	1.32529e+08	44.000000	1.33792e+08	44.000000	1.33823e+08	44.000000	1.3385e+08	44.000000	1.23351e+06	44.000000	635048    	44.000000	1.99459e+06	44.000000	1.87154e+06	44.000000	2.01195e+06	
47.000000	1.51126e+08	47.000000	1.4948e+08	47.000000	1.50792e+08	47.000000	1.5083e+08	47.000000	1.5086e+08	47.000000	1.39153e+06	47.000000	711322    	47.000000	2.24789e+06	47.000000	2.09894e+06	47.000000	2.26896e+06	
50.000000	1.69001e+08	50.000000	1.6733e+08	50.000000	1.68683e+08	50.000000	1.68728e+08	50.000000	1.6876e+08	50.000000	1.55776e+06	50.000000	791123    	50.000000	2.51433e+06	50.000000	2.33719e+06	50.000000	2.53958e+06	
55.000000	2.00714e+08	55.000000	1.99036e+08	55.000000	2.0044e+08	55.000000	2.00498e+08	55.000000	2.00533e+08	55.000000	1.85258e+06	55.000000	931773    	55.000000	2.987e+06 	55.000000	2.75781e+06	55.000000	3.02031e+06	
60.000000	2.34777e+08	60.000000	2.33134e+08	60.000000	2.34569e+08	60.000000	2.34641e+08	60.000000	2.34677e+08	60.000000	2.16898e+06	60.000000	1.08172e+06	60.000000	3.49454e+06	60.000000	3.20705e+06	60.000000	3.5374e+06	
65.000000	2.7113e+08	65.000000	2.69563e+08	65.000000	2.71008e+08	65.000000	2.71098e+08	65.000000	2.71136e+08	65.000000	2.50626e+06	65.000000	1.24055e+06	65.000000	4.03597e+06	65.000000	3.68407e+06	65.000000	4.08998e+06	
70.000000	3.09719e+08	70.000000	3.08266e+08	70.000000	3.09706e+08	70.000000	3.09816e+08	70.000000	3.09854e+08	70.000000	2.86374e+06	70.000000	1.40806e+06	70.000000	4.61037e+06	70.000000	4.18807e+06	70.000000	4.67726e+06	
75.000000	3.50492e+08	75.000000	3.4919e+08	75.000000	3.50612e+08	75.000000	3.50744e+08	75.000000	3.50781e+08	75.000000	3.24078e+06	75.000000	1.58385e+06	75.000000	5.21687e+06	75.000000	4.71833e+06	75.000000	5.29847e+06	
80.000000	3.93401e+08	80.000000	3.92283e+08	80.000000	3.93678e+08	80.000000	3.93832e+08	80.000000	3.93868e+08	80.000000	3.63676e+06	80.000000	1.7678e+06	80.000000	5.85464e+06	80.000000	5.27415e+06	80.000000	5.95288e+06	
85.000000	4.38402e+08	85.000000	4.37498e+08	85.000000	4.38858e+08	85.000000	4.39035e+08	85.000000	4.39069e+08	85.000000	4.05109e+06	85.000000	1.95969e+06	85.000000	6.52287e+06	85.000000	5.85489e+06	85.000000	6.63981e+06	
90.000000	4.85451e+08	90.000000	4.84786e+08	90.000000	4.86108e+08	90.000000	4.86308e+08	90.000000	4.86339e+08	90.000000	4.48319e+06	90.000000	2.15921e+06	90.000000	7.22081e+06	90.000000	6.45993e+06	90.000000	7.35859e+06	
95.000000	5.34508e+08	95.000000	5.34105e+08	95.000000	5.3538e+08	95.000000	5.35609e+08	95.000000	5.35635e+08	95.000000	4.93252e+06	95.000000	2.36603e+06	95.000000	7.94768e+06	95.000000	7.08865e+06	95.000000	8.10857e+06	
100.000000	5.85536e+08	100.000000	5.85411e+08	100.000000	5.86635e+08	100.000000	5.86896e+08	100.000000	5.86917e+08	100.000000	5.39854e+06	100.000000	2.57997e+06	100.000000	8.70279e+06	100.000000	7.74052e+06	100.000000	8.88912e+06	
105.000000	6.38496e+08	105.000000	6.38663e+08	105.000000	6.39836e+08	105.000000	6.40131e+08	105.000000	6.40146e+08	105.000000	5.88074e+06	105.000000	2.801e+06 	105.000000	9.48545e+06	105.000000	8.415e+06 	105.000000	9.69967e+06	
110.000000	6.93355e+08	110.000000	6.93822e+08	110.000000	6.94946e+08	110.000000	6.95275e+08	110.000000	6.95283e+08	110.000000	6.37864e+06	110.000000	3.02892e+06	110.000000	1.0295e+07	110.000000	9.11155e+06	110.000000	1.05396e+07	
115.000000	7.5008e+08	115.000000	7.50849e+08	115.000000	7.51928e+08	115.000000	7.52292e+08	115.000000	7.52292e+08	115.000000	6.89175e+06	115.000000	3.26352e+06	115.000000	1.11307e+07	115.000000	9.8297e+06	115.000000	1.14084e+07	
120.000000	8.08637e+08	120.000000	8.09708e+08	120.000000	8.10747e+08	120.000000	8.11147e+08	120.000000	8.11137e+08	120.000000	7.41961e+06	120.000000	3.50447e+06	120.000000	1.19921e+07	120.000000	1.0569e+07	120.000000	1.23055e+07	
125.000000	8.68997e+08	125.000000	8.70364e+08	125.000000	8.71367e+08	125.000000	8.71805e+08	125.000000	8.71784e+08	125.000000	7.96178e+06	125.000000	3.7516e+06	125.000000	1.28785e+07	125.000000	1.13289e+07	125.000000	1.32303e+07	
130.000000	9.31131e+08	130.000000	9.32782e+08	130.000000	9.33757e+08	130.000000	9.34232e+08	130.000000	9.34201e+08	130.000000	8.51782e+06	130.000000	4.00498e+06	130.000000	1.37892e+07	130.000000	1.2109e+07	130.000000	1.41824e+07	
135.000000	9.9501e+08	135.000000	9.96928e+08	135.000000	9.97884e+08	135.000000	9.98398e+08	135.000000	9.98354e+08	135.000000	9.08733e+06	135.000000	4.26441e+06	135.000000	1.47238e+07	135.000000	1.29089e+07	135.000000	1.51613e+07	
140.000000	1.06061e+09	140.000000	1.06277e+09	140.000000	1.06372e+09	140.000000	1.06427e+09	140.000000	1.06421e+09	140.000000	9.66988e+06	140.000000	4.52961e+06	140.000000	1.56817e+07	140.000000	1.37281e+07	140.000000	1.61664e+07	
145.000000	1.12789e+09	145.000000	1.13028e+09	145.000000	1.13122e+09	145.000000	1.13182e+09	145.000000	1.13175e+09	145.000000	1.02651e+07	145.000000	4.80046e+06	145.000000	1.66623e+07	145.000000	1.45663e+07	145.000000	1.71973e+07	
150.000000	1.19685e+09	150.000000	1.19942e+09	150.000000	1.20036e+09	150.000000	1.20101e+09	150.000000	1.20092e+09	150.000000	1.08726e+07	150.000000	5.07686e+06	150.000000	1.76651e+07	150.000000	1.54231e+07	150.000000	1.82535e+07	
155.000000	1.2916e+09	155.000000	1.27017e+09	155.000000	1.27112e+09	155.000000	1.27182e+09	155.000000	1.27172e+09	155.000000	1.1492e+07	155.000000	5.35866e+06	155.000000	1.86896e+07	155.000000	1.62981e+07	155.000000	1.93346e+07	
160.000000	1.38924e+09	160.000000	1.3425e+09	160.000000	1.34347e+09	160.000000	1.34422e+09	160.000000	1.3441e+09	160.000000	1.2123e+07	160.000000	5.64577e+06	160.000000	1.97353e+07	160.000000	1.71909e+07	160.000000	2.04401e+07	
165.000000	1.4889e+09	165.000000	1.41638e+09	165.000000	1.41738e+09	165.000000	1.41819e+09	165.000000	1.41805e+09	165.000000	1.27651e+07	165.000000	5.93809e+06	165.000000	2.08017e+07	165.000000	1.81011e+07	165.000000	2.15697e+07	
170.000000	1.59054e+09	170.000000	1.49178e+09	170.000000	1.49283e+09	170.000000	1.49369e+09	170.000000	1.49353e+09	170.000000	1.34182e+07	170.000000	6.23544e+06	170.000000	2.18884e+07	170.000000	1.90285e+07	170.000000	2.27228e+07	
175.000000	1.69414e+09	175.000000	1.56867e+09	175.000000	1.56978e+09	175.000000	1.5707e+09	175.000000	1.57052e+09	175.000000	1.40818e+07	175.000000	6.53754e+06	175.000000	2.29948e+07	175.000000	1.99727e+07	175.000000	2.38991e+07	
180.000000	1.79966e+09	180.000000	1.64704e+09	180.000000	1.64822e+09	180.000000	1.64919e+09	180.000000	1.64899e+09	180.000000	1.47556e+07	180.000000	6.84442e+06	180.000000	2.41206e+07	180.000000	2.09333e+07	180.000000	2.50981e+07	
185.000000	1.90706e+09	185.000000	1.72685e+09	185.000000	1.72812e+09	185.000000	1.72914e+09	185.000000	1.72892e+09	185.000000	1.54393e+07	185.000000	7.15608e+06	185.000000	2.52653e+07	185.000000	2.191e+07 	185.000000	2.63195e+07	
190.000000	2.01632e+09	190.000000	1.80809e+09	190.000000	1.80945e+09	190.000000	1.81053e+09	190.000000	1.81029e+09	190.000000	1.61326e+07	190.000000	7.47229e+06	190.000000	2.64284e+07	190.000000	2.29026e+07	190.000000	2.75629e+07	
195.000000	2.12741e+09	195.000000	1.89072e+09	195.000000	1.89219e+09	195.000000	1.89333e+09	195.000000	1.89306e+09	195.000000	1.68353e+07	195.000000	7.79288e+06	195.000000	2.76096e+07	195.000000	2.39107e+07	195.000000	2.88279e+07	
200.000000	2.24029e+09	200.000000	1.97473e+09	200.000000	1.97632e+09	200.000000	1.97752e+09	200.000000	1.97723e+09	200.000000	1.7547e+07	200.000000	8.11794e+06	200.000000	2.88085e+07	200.000000	2.4934e+07	200.000000	3.01142e+07	
210.000000	2.47133e+09	210.000000	2.14678e+09	210.000000	2.14865e+09	210.000000	2.14998e+09	210.000000	2.14963e+09	210.000000	1.89965e+07	210.000000	8.78105e+06	210.000000	3.12575e+07	210.000000	2.70251e+07	210.000000	3.2749e+07	
220.000000	2.70923e+09	220.000000	2.32408e+09	220.000000	2.32626e+09	220.000000	2.32773e+09	220.000000	2.32732e+09	220.000000	2.0479e+07	220.000000	9.46031e+06	220.000000	3.37725e+07	220.000000	2.91736e+07	220.000000	3.54644e+07	
230.000000	2.95378e+09	230.000000	2.50644e+09	230.000000	2.50899e+09	230.000000	2.5106e+09	230.000000	2.51014e+09	230.000000	2.19924e+07	230.000000	1.01552e+07	230.000000	3.63505e+07	230.000000	3.13776e+07	230.000000	3.8258e+07	
240.000000	3.20478e+09	240.000000	2.69372e+09	240.000000	2.69668e+09	240.000000	2.69845e+09	240.000000	2.69791e+09	240.000000	2.3535e+07	240.000000	1.0865e+07	240.000000	3.89888e+07	240.000000	3.36348e+07	240.000000	4.11269e+07	
250.000000	3.46203e+09	250.000000	2.88576e+09	250.000000	2.88918e+09	250.000000	2.8911e+09	250.000000	2.8905e+09	250.000000	2.51049e+07	250.000000	1.15893e+07	250.000000	4.16847e+07	250.000000	3.59435e+07	250.000000	4.40688e+07	
260.000000	3.72536e+09	260.000000	3.08243e+09	260.000000	3.08635e+09	260.000000	3.08843e+09	260.000000	3.08775e+09	260.000000	2.67004e+07	260.000000	1.23276e+07	260.000000	4.44356e+07	260.000000	3.83016e+07	260.000000	4.70812e+07	
270.000000	3.9946e+09	270.000000	3.28358e+09	270.000000	3.28804e+09	270.000000	3.29028e+09	270.000000	3.28952e+09	270.000000	2.832e+07 	270.000000	1.30792e+07	270.000000	4.72392e+07	270.000000	4.07074e+07	270.000000	5.01619e+07	
280.000000	4.26958e+09	280.000000	3.48907e+09	280.000000	3.49412e+09	280.000000	3.49652e+09	280.000000	3.49568e+09	280.000000	2.99621e+07	280.000000	1.38439e+07	280.000000	5.00931e+07	280.000000	4.31593e+07	280.000000	5.33085e+07	
290.000000	4.55013e+09	290.000000	3.6988e+09	290.000000	3.70445e+09	290.000000	3.70702e+09	290.000000	3.7061e+09	290.000000	3.16253e+07	290.000000	1.46206e+07	290.000000	5.29951e+07	290.000000	4.56555e+07	290.000000	5.65191e+07	
300.000000	4.83612e+09	300.000000	3.91262e+09	300.000000	3.91892e+09	300.000000	3.92166e+09	300.000000	3.92065e+09	300.000000	3.33082e+07	300.000000	1.54088e+07	300.000000	5.59431e+07	300.000000	4.81945e+07	300.000000	5.97914e+07	
310.000000	5.12739e+09	310.000000	4.13042e+09	310.000000	4.13738e+09	310.000000	4.14031e+09	310.000000	4.13922e+09	310.000000	3.50096e+07	310.000000	1.62087e+07	310.000000	5.89351e+07	310.000000	5.07748e+07	310.000000	6.31236e+07	
320.000000	5.4238e+09	320.000000	4.3521e+09	320.000000	4.35974e+09	320.000000	4.36286e+09	320.000000	4.36167e+09	320.000000	3.67282e+07	320.000000	1.70195e+07	320.000000	6.19691e+07	320.000000	5.33949e+07	320.000000	6.65136e+07	
330.000000	5.72521e+09	330.000000	4.57754e+09	330.000000	4.58588e+09	330.000000	4.5892e+09	330.000000	4.58792e+09	330.000000	3.84628e+07	330.000000	1.78404e+07	330.000000	6.50432e+07	330.000000	5.60534e+07	330.000000	6.99597e+07	
340.000000	6.0315e+09	340.000000	4.80664e+09	340.000000	4.81569e+09	340.000000	4.81922e+09	340.000000	4.81784e+09	340.000000	4.02125e+07	340.000000	1.86711e+07	340.000000	6.81557e+07	340.000000	5.8749e+07	340.000000	7.346e+07 	
350.000000	6.34254e+09	350.000000	5.0393e+09	350.000000	5.04908e+09	350.000000	5.05281e+09	350.000000	5.05133e+09	350.000000	4.1976e+07	350.000000	1.95118e+07	350.000000	7.13049e+07	350.000000	6.14803e+07	350.000000	7.70128e+07	
360.000000	6.65821e+09	360.000000	5.27542e+09	360.000000	5.28594e+09	360.000000	5.28989e+09	360.000000	5.28829e+09	360.000000	4.37524e+07	360.000000	2.03625e+07	360.000000	7.44891e+07	360.000000	6.42462e+07	360.000000	8.06164e+07	
370.000000	6.97839e+09	370.000000	5.51491e+09	370.000000	5.52618e+09	370.000000	5.53034e+09	370.000000	5.52863e+09	370.000000	4.55409e+07	370.000000	2.12223e+07	370.000000	7.77068e+07	370.000000	6.70454e+07	370.000000	8.42693e+07	
380.000000	7.30297e+09	380.000000	5.75768e+09	380.000000	5.76971e+09	380.000000	5.77408e+09	380.000000	5.77226e+09	380.000000	4.73405e+07	380.000000	2.20906e+07	380.000000	8.09565e+07	380.000000	6.98768e+07	380.000000	8.79698e+07	
390.000000	7.63183e+09	390.000000	6.00364e+09	390.000000	6.01643e+09	390.000000	6.02102e+09	390.000000	6.01908e+09	390.000000	4.91504e+07	390.000000	2.29673e+07	390.000000	8.42367e+07	390.000000	7.27392e+07	390.000000	9.17166e+07	
400.000000	7.96488e+09	400.000000	6.25271e+09	400.000000	6.26627e+09	400.000000	6.27107e+09	400.000000	6.26901e+09	400.000000	5.09697e+07	400.000000	2.38524e+07	400.000000	8.75462e+07	400.000000	7.56317e+07	400.000000	9.5508e+07	
410.000000	8.30201e+09	410.000000	6.50481e+09	410.000000	6.51912e+09	410.000000	6.52414e+09	410.000000	6.52197e+09	410.000000	5.27978e+07	410.000000	2.47453e+07	410.000000	9.08834e+07	410.000000	7.85531e+07	410.000000	9.93427e+07	
420.000000	8.64313e+09	420.000000	6.75985e+09	420.000000	6.77492e+09	420.000000	6.78016e+09	420.000000	6.77787e+09	420.000000	5.46339e+07	420.000000	2.56457e+07	420.000000	9.42472e+07	420.000000	8.15025e+07	420.000000	1.03219e+08	
430.000000	8.98812e+09	430.000000	7.01777e+09	430.000000	7.03359e+09	430.000000	7.03905e+09	430.000000	7.03663e+09	430.000000	5.64773e+07	430.000000	2.65528e+07	430.000000	9.76363e+07	430.000000	8.44788e+07	430.000000	1.07137e+08	
440.000000	9.33691e+09	440.000000	7.27848e+09	440.000000	7.29504e+09	440.000000	7.30073e+09	440.000000	7.29818e+09	440.000000	5.83272e+07	440.000000	2.74668e+07	440.000000	1.0105e+08	440.000000	8.74811e+07	440.000000	1.11093e+08	
450.000000	9.6894e+09	450.000000	7.54193e+09	450.000000	7.55921e+09	450.000000	7.56513e+09	450.000000	7.56244e+09	450.000000	6.01832e+07	450.000000	2.83878e+07	450.000000	1.04486e+08	450.000000	9.05086e+07	450.000000	1.15088e+08	
460.000000	1.00455e+10	460.000000	7.80803e+09	460.000000	7.82602e+09	460.000000	7.83217e+09	460.000000	7.82935e+09	460.000000	6.20446e+07	460.000000	2.93158e+07	460.000000	1.07944e+08	460.000000	9.35603e+07	460.000000	1.19119e+08	
470.000000	1.04051e+10	470.000000	8.07672e+09	470.000000	8.09539e+09	470.000000	8.10178e+09	470.000000	8.09883e+09	470.000000	6.39109e+07	470.000000	3.02505e+07	470.000000	1.11423e+08	470.000000	9.66355e+07	470.000000	1.23186e+08	
480.000000	1.07682e+10	480.000000	8.34795e+09	480.000000	8.36726e+09	480.000000	8.37391e+09	480.000000	8.37081e+09	480.000000	6.57814e+07	480.000000	3.11916e+07	480.000000	1.14922e+08	480.000000	9.97332e+07	480.000000	1.27288e+08	
490.000000	1.11347e+10	490.000000	8.62164e+09	490.000000	8.64156e+09	490.000000	8.64848e+09	490.000000	8.64524e+09	490.000000	6.76557e+07	490.000000	3.21385e+07	490.000000	1.1844e+08	490.000000	1.02853e+08	490.000000	1.31423e+08	
500.000000	1.15044e+10	500.000000	8.89773e+09	500.000000	8.91825e+09	500.000000	8.92543e+09	500.000000	8.92205e+09	500.000000	6.95333e+07	500.000000	3.30909e+07	500.000000	1.21976e+08	500.000000	1.05993e+08	500.000000	1.3559e+08	
520.000000	1.22534e+10	520.000000	9.4569e+09	520.000000	9.47852e+09	520.000000	9.48623e+09	520.000000	9.48256e+09	520.000000	7.32965e+07	520.000000	3.50127e+07	520.000000	1.29098e+08	520.000000	1.12334e+08	520.000000	1.44018e+08	
540.000000	1.30147e+10	540.000000	1.0025e+10	540.000000	1.00476e+10	540.000000	1.00559e+10	540.000000	1.00519e+10	540.000000	7.70677e+07	540.000000	3.6957e+07	540.000000	1.36281e+08	540.000000	1.18751e+08	540.000000	1.52564e+08	
560.000000	1.37878e+10	560.000000	1.06016e+10	560.000000	1.0625e+10	560.000000	1.06339e+10	560.000000	1.06296e+10	560.000000	8.08436e+07	560.000000	3.89209e+07	560.000000	1.4352e+08	560.000000	1.25238e+08	560.000000	1.61219e+08	
580.000000	1.4572e+10	580.000000	1.11863e+10	580.000000	1.12105e+10	580.000000	1.12198e+10	580.000000	1.12152e+10	580.000000	8.46216e+07	580.000000	4.09031e+07	580.000000	1.50809e+08	580.000000	1.3179e+08	580.000000	1.69977e+08	
600.000000	1.53669e+10	600.000000	1.17788e+10	600.000000	1.18034e+10	600.000000	1.18134e+10	600.000000	1.18084e+10	600.000000	8.8399e+07	600.000000	4.29029e+07	600.000000	1.58141e+08	600.000000	1.38403e+08	600.000000	1.78832e+08	
620.000000	1.6172e+10	620.000000	1.23786e+10	620.000000	1.24036e+10	620.000000	1.24141e+10	620.000000	1.24088e+10	620.000000	9.21735e+07	620.000000	4.49194e+07	620.000000	1.65513e+08	620.000000	1.45072e+08	620.000000	1.87777e+08	
640.000000	1.6987e+10	640.000000	1.29855e+10	640.000000	1.30107e+10	640.000000	1.30217e+10	640.000000	1.30161e+10	640.000000	9.59431e+07	640.000000	4.69519e+07	640.000000	1.72919e+08	640.000000	1.51793e+08	640.000000	1.96807e+08	
660.000000	1.78112e+10	660.000000	1.35991e+10	660.000000	1.36242e+10	660.000000	1.36359e+10	660.000000	1.36299e+10	660.000000	9.9706e+07	660.000000	4.89995e+07	660.000000	1.80355e+08	660.000000	1.58563e+08	660.000000	2.05915e+08	
680.000000	1.86444e+10	680.000000	1.4219e+10	680.000000	1.42441e+10	680.000000	1.42563e+10	680.000000	1.42499e+10	680.000000	1.0346e+08	680.000000	5.10616e+07	680.000000	1.87818e+08	680.000000	1.65376e+08	680.000000	2.15097e+08	
700.000000	1.94862e+10	700.000000	1.48451e+10	700.000000	1.48698e+10	700.000000	1.48826e+10	700.000000	1.48759e+10	700.000000	1.07205e+08	700.000000	5.31375e+07	700.000000	1.95303e+08	700.000000	1.72231e+08	700.000000	2.24347e+08	
720.000000	2.03362e+10	720.000000	1.54771e+10	720.000000	1.55012e+10	720.000000	1.55145e+10	720.000000	1.55075e+10	720.000000	1.10938e+08	720.000000	5.52269e+07	720.000000	2.02807e+08	720.000000	1.79124e+08	720.000000	2.33661e+08	
740.000000	2.11939e+10	740.000000	1.61146e+10	740.000000	1.61379e+10	740.000000	1.61519e+10	740.000000	1.61445e+10	740.000000	1.14658e+08	740.000000	5.7329e+07	740.000000	2.10328e+08	740.000000	1.86052e+08	740.000000	2.43035e+08	
760.000000	2.20592e+10	760.000000	1.67575e+10	760.000000	1.67797e+10	760.000000	1.67944e+10	760.000000	1.67866e+10	760.000000	1.18365e+08	760.000000	5.94423e+07	760.000000	2.17861e+08	760.000000	1.93012e+08	760.000000	2.52464e+08	
780.000000	2.29316e+10	780.000000	1.74054e+10	780.000000	1.74265e+10	780.000000	1.74418e+10	780.000000	1.74336e+10	780.000000	1.22057e+08	780.000000	6.15658e+07	780.000000	2.25404e+08	780.000000	2.00001e+08	780.000000	2.61944e+08	
800.000000	2.38109e+10	800.000000	1.80582e+10	800.000000	1.80779e+10	800.000000	1.8094e+10	800.000000	1.80854e+10	800.000000	1.25734e+08	800.000000	6.36994e+07	800.000000	2.32955e+08	800.000000	2.07017e+08	800.000000	2.71472e+08	
820.000000	2.46967e+10	820.000000	1.87157e+10	820.000000	1.87339e+10	820.000000	1.87505e+10	820.000000	1.87416e+10	820.000000	1.29394e+08	820.000000	6.58436e+07	820.000000	2.4051e+08	820.000000	2.14057e+08	820.000000	2.81045e+08	
840.000000	2.55887e+10	840.000000	1.93777e+10	840.000000	1.93941e+10	840.000000	1.94114e+10	840.000000	1.9402e+10	840.000000	1.33037e+08	840.000000	6.79985e+07	840.000000	2.48069e+08	840.000000	2.2112e+08	840.000000	2.90658e+08	
860.000000	2.64868e+10	860.000000	2.00438e+10	860.000000	2.00583e+10	860.000000	2.00763e+10	860.000000	2.00666e+10	860.000000	1.36663e+08	860.000000	7.01638e+07	860.000000	2.55629e+08	860.000000	2.28202e+08	860.000000	3.00308e+08	
880.000000	2.73906e+10	880.000000	2.07141e+10	880.000000	2.07265e+10	880.000000	2.07452e+10	880.000000	2.0735e+10	880.000000	1.4027e+08	880.000000	7.23388e+07	880.000000	2.63188e+08	880.000000	2.35302e+08	880.000000	3.09993e+08	
900.000000	2.82999e+10	900.000000	2.13882e+10	900.000000	2.13984e+10	900.000000	2.14178e+10	900.000000	2.14072e+10	900.000000	1.43859e+08	900.000000	7.45229e+07	900.000000	2.70744e+08	900.000000	2.42418e+08	900.000000	3.1971e+08	
920.000000	2.92144e+10	920.000000	2.20661e+10	920.000000	2.20739e+10	920.000000	2.20939e+10	920.000000	2.20829e+10	920.000000	1.47429e+08	920.000000	7.67153e+07	920.000000	2.78296e+08	920.000000	2.49548e+08	920.000000	3.29456e+08	
940.000000	3.01339e+10	940.000000	2.27475e+10	940.000000	2.27527e+10	940.000000	2.27734e+10	940.000000	2.2762e+10	940.000000	1.50979e+08	940.000000	7.89152e+07	940.000000	2.85841e+08	940.000000	2.56691e+08	940.000000	3.39228e+08	
960.000000	3.10582e+10	960.000000	2.34323e+10	960.000000	2.34348e+10	960.000000	2.34562e+10	960.000000	2.34444e+10	960.000000	1.54509e+08	960.000000	8.11224e+07	960.000000	2.9338e+08	960.000000	2.63845e+08	960.000000	3.49025e+08	
980.000000	3.1987e+10	980.000000	2.41203e+10	980.000000	2.41201e+10	980.000000	2.41422e+10	980.000000	2.41299e+10	980.000000	1.5802e+08	980.000000	8.33367e+07	980.000000	3.00909e+08	980.000000	2.71008e+08	980.000000	3.58843e+08	
1000.000000	3.29202e+10	1000.000000	2.48115e+10	1000.000000	2.48083e+10	1000.000000	2.4831e+10	1000.000000	2.48183e+10	1000.000000	1.6151e+08	1000.000000	8.55579e+07	1000.000000	3.08428e+08	1000.000000	2.78178e+08	1000.000000	3.6868e+08	
1020.000000	3.38575e+10	1020.000000	2.55056e+10	1020.000000	2.54993e+10	1020.000000	2.55228e+10	1020.000000	2.55096e+10	1020.000000	1.6498e+08	1020.000000	8.77859e+07	1020.000000	3.15937e+08	1020.000000	2.85356e+08	1020.000000	3.78535e+08	
1040.000000	3.47988e+10	1040.000000	2.62025e+10	1040.000000	2.61931e+10	1040.000000	2.62172e+10	1040.000000	2.62037e+10	1040.000000	1.6843e+08	1040.000000	9.00205e+07	1040.000000	3.23433e+08	1040.000000	2.92538e+08	1040.000000	3.88406e+08	
1060.000000	3.57438e+10	1060.000000	2.69022e+10	1060.000000	2.68895e+10	1060.000000	2.69143e+10	1060.000000	2.69003e+10	1060.000000	1.71858e+08	1060.000000	9.22615e+07	1060.000000	3.30915e+08	1060.000000	2.99724e+08	1060.000000	3.9829e+08	
1080.000000	3.66925e+10	1080.000000	2.76044e+10	1080.000000	2.75883e+10	1080.000000	2.76139e+10	1080.000000	2.75994e+10	1080.000000	1.75266e+08	1080.000000	9.45088e+07	1080.000000	3.38384e+08	1080.000000	3.06914e+08	1080.000000	4.08186e+08	
1100.000000	3.76446e+10	1100.000000	2.83091e+10	1100.000000	2.82896e+10	1100.000000	2.83158e+10	1100.000000	2.83009e+10	1100.000000	1.78653e+08	1100.000000	9.67621e+07	1100.000000	3.45838e+08	1100.000000	3.14105e+08	1100.000000	4.18092e+08	
1120.000000	3.85999e+10	1120.000000	2.90161e+10	1120.000000	2.89931e+10	1120.000000	2.902e+10 	1120.000000	2.90047e+10	1120.000000	1.82019e+08	1120.000000	9.90213e+07	1120.000000	3.53276e+08	1120.000000	3.21296e+08	1120.000000	4.28006e+08	
1140.000000	3.95583e+10	1140.000000	2.97254e+10	1140.000000	2.96988e+10	1140.000000	2.97264e+10	1140.000000	2.97107e+10	1140.000000	1.85365e+08	1140.000000	1.01286e+08	1140.000000	3.60697e+08	1140.000000	3.28488e+08	1140.000000	4.37928e+08	
1160.000000	4.05197e+10	1160.000000	3.04368e+10	1160.000000	3.04066e+10	1160.000000	3.04349e+10	1160.000000	3.04187e+10	1160.000000	1.88689e+08	1160.000000	1.03557e+08	1160.000000	3.68101e+08	1160.000000	3.35678e+08	1160.000000	4.47855e+08	
1180.000000	4.14838e+10	1180.000000	3.11503e+10	1180.000000	3.11164e+10	1180.000000	3.11454e+10	1180.000000	3.11287e+10	1180.000000	1.91993e+08	1180.000000	1.05833e+08	1180.000000	3.75488e+08	1180.000000	3.42866e+08	1180.000000	4.57787e+08	
1200.000000	4.24506e+10	1200.000000	3.18657e+10	1200.000000	3.18282e+10	1200.000000	3.18578e+10	1200.000000	3.18407e+10	1200.000000	1.95276e+08	1200.000000	1.08115e+08	1200.000000	3.82856e+08	1200.000000	3.50051e+08	1200.000000	4.67721e+08	
1220.000000	4.34199e+10	1220.000000	3.2583e+10	1220.000000	3.25417e+10	1220.000000	3.25721e+10	1220.000000	3.25545e+10	1220.000000	1.98538e+08	1220.000000	1.10401e+08	1220.000000	3.90205e+08	1220.000000	3.57232e+08	1220.000000	4.77657e+08	
1240.000000	4.43915e+10	1240.000000	3.3302e+10	1240.000000	3.3257e+10	1240.000000	3.32881e+10	1240.000000	3.327e+10 	1240.000000	2.01779e+08	1240.000000	1.12693e+08	1240.000000	3.97534e+08	1240.000000	3.64409e+08	1240.000000	4.87593e+08	
1260.000000	4.53654e+10	1260.000000	3.40227e+10	1260.000000	3.3974e+10	1260.000000	3.40058e+10	1260.000000	3.39872e+10	1260.000000	2.05e+08  	1260.000000	1.1499e+08	1260.000000	4.04844e+08	1260.000000	3.71581e+08	1260.000000	4.97529e+08	
1280.000000	4.63414e+10	1280.000000	3.4745e+10	1280.000000	3.46926e+10	1280.000000	3.4725e+10	1280.000000	3.47061e+10	1280.000000	2.082e+08 	1280.000000	1.17292e+08	1280.000000	4.12134e+08	1280.000000	3.78746e+08	1280.000000	5.07463e+08	
1300.000000	4.73194e+10	1300.000000	3.54687e+10	1300.000000	3.54127e+10	1300.000000	3.54458e+10	1300.000000	3.54264e+10	1300.000000	2.1138e+08	1300.000000	1.19599e+08	1300.000000	4.19403e+08	1300.000000	3.85906e+08	1300.000000	5.17394e+08	
1320.000000	4.82993e+10	1320.000000	3.6194e+10	1320.000000	3.61343e+10	1320.000000	3.61681e+10	1320.000000	3.61482e+10	1320.000000	2.1454e+08	1320.000000	1.21911e+08	1320.000000	4.26651e+08	1320.000000	3.93058e+08	1320.000000	5.27321e+08	
1340.000000	4.9281e+10	1340.000000	3.69206e+10	1340.000000	3.68573e+10	1340.000000	3.68918e+10	1340.000000	3.68714e+10	1340.000000	2.17679e+08	1340.000000	1.24227e+08	1340.000000	4.33877e+08	1340.000000	4.00202e+08	1340.000000	5.37244e+08	
1360.000000	5.02642e+10	1360.000000	3.76484e+10	1360.000000	3.75816e+10	1360.000000	3.76168e+10	1360.000000	3.7596e+10	1360.000000	2.20798e+08	1360.000000	1.26548e+08	1360.000000	4.41083e+08	1360.000000	4.07338e+08	1360.000000	5.47161e+08	
1380.000000	5.12491e+10	1380.000000	3.83775e+10	1380.000000	3.83072e+10	1380.000000	3.83431e+10	1380.000000	3.83218e+10	1380.000000	2.23898e+08	1380.000000	1.28874e+08	1380.000000	4.48266e+08	1380.000000	4.14466e+08	1380.000000	5.57072e+08	
1400.000000	5.22353e+10	1400.000000	3.91078e+10	1400.000000	3.90339e+10	1400.000000	3.90706e+10	1400.000000	3.90489e+10	1400.000000	2.26978e+08	1400.000000	1.31204e+08	1400.000000	4.55427e+08	1400.000000	4.21584e+08	1400.000000	5.66976e+08	
1420.000000	5.3223e+10	1420.000000	3.98391e+10	1420.000000	3.97619e+10	1420.000000	3.97994e+10	1420.000000	3.97771e+10	1420.000000	2.30038e+08	1420.000000	1.33538e+08	1420.000000	4.62566e+08	1420.000000	4.28693e+08	1420.000000	5.76872e+08	
1440.000000	5.42118e+10	1440.000000	4.05715e+10	1440.000000	4.0491e+10	1440.000000	4.05292e+10	1440.000000	4.05065e+10	1440.000000	2.33078e+08	1440.000000	1.35876e+08	1440.000000	4.69682e+08	1440.000000	4.35791e+08	1440.000000	5.8676e+08	
1460.000000	5.52018e+10	1460.000000	4.13048e+10	1460.000000	4.12211e+10	1460.000000	4.12601e+10	1460.000000	4.12369e+10	1460.000000	2.36099e+08	1460.000000	1.38219e+08	1460.000000	4.76776e+08	1460.000000	4.42879e+08	1460.000000	5.96638e+08	
1480.000000	5.61929e+10	1480.000000	4.20391e+10	1480.000000	4.19522e+10	1480.000000	4.1992e+10	1480.000000	4.19683e+10	1480.000000	2.39101e+08	1480.000000	1.40566e+08	1480.000000	4.83847e+08	1480.000000	4.49957e+08	1480.000000	6.06506e+08	
1500.000000	5.7185e+10	1500.000000	4.27742e+10	1500.000000	4.26844e+10	1500.000000	4.27249e+10	1500.000000	4.27008e+10	1500.000000	2.42085e+08	1500.000000	1.42917e+08	1500.000000	4.90895e+08	1500.000000	4.57023e+08	1500.000000	6.16364e+08	
1520.000000	5.81779e+10	1520.000000	4.35101e+10	1520.000000	4.34174e+10	1520.000000	4.34587e+10	1520.000000	4.34341e+10	1520.000000	2.45049e+08	1520.000000	1.45273e+08	1520.000000	4.9792e+08	1520.000000	4.64077e+08	1520.000000	6.26211e+08	
1540.000000	5.91716e+10	1540.000000	4.42467e+10	1540.000000	4.41513e+10	1540.000000	4.41934e+10	1540.000000	4.41683e+10	1540.000000	2.47994e+08	1540.000000	1.47632e+08	1540.000000	5.04922e+08	1540.000000	4.71119e+08	1540.000000	6.36046e+08	
1560.000000	6.01661e+10	1560.000000	4.49841e+10	1560.000000	4.48861e+10	1560.000000	4.4929e+10	1560.000000	4.49034e+10	1560.000000	2.50921e+08	1560.000000	1.49995e+08	1560.000000	5.119e+08 	1560.000000	4.7815e+08	1560.000000	6.45869e+08	
1580.000000	6.11612e+10	1580.000000	4.57221e+10	1580.000000	4.56217e+10	1580.000000	4.56653e+10	1580.000000	4.56393e+10	1580.000000	2.5383e+08	1580.000000	1.52362e+08	1580.000000	5.18855e+08	1580.000000	4.85167e+08	1580.000000	6.55679e+08	
1600.000000	6.2157e+10	1600.000000	4.64607e+10	1600.000000	4.63581e+10	1600.000000	4.64025e+10	1600.000000	4.6376e+10	1600.000000	2.5672e+08	1600.000000	1.54733e+08	1600.000000	5.25787e+08	1600.000000	4.92172e+08	1600.000000	6.65477e+08	
1620.000000	6.31532e+10	1620.000000	4.71998e+10	1620.000000	4.70952e+10	1620.000000	4.71403e+10	1620.000000	4.71133e+10	1620.000000	2.59593e+08	1620.000000	1.57108e+08	1620.000000	5.32696e+08	1620.000000	4.99164e+08	1620.000000	6.7526e+08	
1640.000000	6.41498e+10	1640.000000	4.79395e+10	1640.000000	4.7833e+10	1640.000000	4.78789e+10	1640.000000	4.78514e+10	1640.000000	2.62447e+08	1640.000000	1.59487e+08	1640.000000	5.39581e+08	1640.000000	5.06143e+08	1640.000000	6.8503e+08	
1660.000000	6.51468e+10	1660.000000	4.86796e+10	1660.000000	4.85715e+10	1660.000000	4.86181e+10	1660.000000	4.85902e+10	1660.000000	2.65284e+08	1660.000000	1.61869e+08	1660.000000	5.46443e+08	1660.000000	5.13108e+08	1660.000000	6.94786e+08	
1680.000000	6.61441e+10	1680.000000	4.94202e+10	1680.000000	4.93106e+10	1680.000000	4.9358e+10	1680.000000	4.93296e+10	1680.000000	2.68104e+08	1680.000000	1.64256e+08	1680.000000	5.53281e+08	1680.000000	5.2006e+08	1680.000000	7.04526e+08	
1700.000000	6.71417e+10	1700.000000	5.01611e+10	1700.000000	5.00503e+10	1700.000000	5.00984e+10	1700.000000	5.00695e+10	1700.000000	2.70906e+08	1700.000000	1.66646e+08	1700.000000	5.60096e+08	1700.000000	5.26997e+08	1700.000000	7.14252e+08	
1750.000000	6.96362e+10	1750.000000	5.20149e+10	1750.000000	5.1902e+10	1750.000000	5.1952e+10	1750.000000	5.19219e+10	1750.000000	2.77837e+08	1750.000000	1.72638e+08	1750.000000	5.77031e+08	1750.000000	5.44279e+08	1750.000000	7.38497e+08	
1800.000000	7.21308e+10	1800.000000	5.38704e+10	1800.000000	5.37568e+10	1800.000000	5.38087e+10	1800.000000	5.37774e+10	1800.000000	2.84663e+08	1800.000000	1.78651e+08	1800.000000	5.9382e+08	1800.000000	5.61471e+08	1800.000000	7.62642e+08	
1850.000000	7.46248e+10	1850.000000	5.57269e+10	1850.000000	5.56143e+10	1850.000000	5.56681e+10	1850.000000	5.56356e+10	1850.000000	2.91387e+08	1850.000000	1.84684e+08	1850.000000	6.10463e+08	1850.000000	5.7857e+08	1850.000000	7.86681e+08	
1900.000000	7.71174e+10	1900.000000	5.7584e+10	1900.000000	5.74741e+10	1900.000000	5.75299e+10	1900.000000	5.74961e+10	1900.000000	2.98012e+08	1900.000000	1.90736e+08	1900.000000	6.26961e+08	1900.000000	5.95574e+08	1900.000000	8.10611e+08	
1950.000000	7.96078e+10	1950.000000	5.94412e+10	1950.000000	5.9336e+10	1950.000000	5.93936e+10	1950.000000	5.93586e+10	1950.000000	3.0454e+08	1950.000000	1.96806e+08	1950.000000	6.43317e+08	1950.000000	6.12482e+08	1950.000000	8.34429e+08	
2000.000000	8.20953e+10	2000.000000	6.12982e+10	2000.000000	6.11995e+10	2000.000000	6.1259e+10	2000.000000	6.12229e+10	2000.000000	3.10974e+08	2000.000000	2.02895e+08	2000.000000	6.5953e+08	2000.000000	6.29293e+08	2000.000000	8.58132e+08	
2100.000000	8.70592e+10	2100.000000	6.50098e+10	2100.000000	6.49306e+10	2100.000000	6.49939e+10	2100.000000	6.49553e+10	2100.000000	3.2357e+08	2100.000000	2.15128e+08	2100.000000	6.91534e+08	2100.000000	6.6262e+08	2100.000000	9.05185e+08	
2200.000000	9.20048e+10	2200.000000	6.87161e+10	2200.000000	6.86654e+10	2200.000000	6.87324e+10	2200.000000	6.86913e+10	2200.000000	3.35817e+08	2200.000000	2.2744e+08	2200.000000	7.22988e+08	2200.000000	6.9555e+08	2200.000000	9.51756e+08	
2300.000000	9.69282e+10	2300.000000	7.24147e+10	2300.000000	7.24021e+10	2300.000000	7.24728e+10	2300.000000	7.24294e+10	2300.000000	3.47734e+08	2300.000000	2.3983e+08	2300.000000	7.53904e+08	2300.000000	7.2808e+08	2300.000000	9.97837e+08	
2400.000000	1.01826e+11	2400.000000	7.61034e+10	2400.000000	7.61395e+10	2400.000000	7.62139e+10	2400.000000	7.6168e+10	2400.000000	3.59338e+08	2400.000000	2.52296e+08	2400.000000	7.84297e+08	2400.000000	7.60211e+08	2400.000000	1.04342e+09	
2500.000000	1.06695e+11	2500.000000	7.97807e+10	2500.000000	7.98762e+10	2500.000000	7.99543e+10	2500.000000	7.9906e+10	2500.000000	3.70644e+08	2500.000000	2.64831e+08	2500.000000	8.14182e+08	2500.000000	7.91945e+08	2500.000000	1.08851e+09	
2600.000000	1.11534e+11	2600.000000	8.3445e+10	2600.000000	8.36114e+10	2600.000000	8.36931e+10	2600.000000	8.36424e+10	2600.000000	3.81669e+08	2600.000000	2.77434e+08	2600.000000	8.43572e+08	2600.000000	8.23285e+08	2600.000000	1.1331e+09	
2700.000000	1.1634e+11	2700.000000	8.70949e+10	2700.000000	8.7344e+10	2700.000000	8.74294e+10	2700.000000	8.73762e+10	2700.000000	3.92425e+08	2700.000000	2.90103e+08	2700.000000	8.72484e+08	2700.000000	8.54235e+08	2700.000000	1.17719e+09	
2800.000000	1.21111e+11	2800.000000	9.07295e+10	2800.000000	9.10735e+10	2800.000000	9.11624e+10	2800.000000	9.11069e+10	2800.000000	4.02926e+08	2800.000000	3.02836e+08	2800.000000	9.00931e+08	2800.000000	8.84801e+08	2800.000000	1.22079e+09	
2900.000000	1.25846e+11	2900.000000	9.43476e+10	2900.000000	9.47991e+10	2900.000000	9.48917e+10	2900.000000	9.48337e+10	2900.000000	4.13184e+08	2900.000000	3.15635e+08	2900.000000	9.28928e+08	2900.000000	9.14988e+08	2900.000000	1.26391e+09	
3000.000000	1.30544e+11	3000.000000	9.79486e+10	3000.000000	9.85204e+10	3000.000000	9.86165e+10	3000.000000	9.85562e+10	3000.000000	4.23211e+08	3000.000000	3.285e+08 	3000.000000	9.5649e+08	3000.000000	9.44804e+08	3000.000000	1.30654e+09	
3200.000000	1.39823e+11	3200.000000	1.05096e+11	3200.000000	1.05948e+11	3200.000000	1.06052e+11	3200.000000	1.05986e+11	3200.000000	4.42614e+08	3200.000000	3.54431e+08	3200.000000	1.01036e+09	3200.000000	1.00335e+09	3200.000000	1.39039e+09	
3400.000000	1.48943e+11	3400.000000	1.12168e+11	3400.000000	1.13355e+11	3400.000000	1.13465e+11	3400.000000	1.13395e+11	3400.000000	4.61213e+08	3400.000000	3.80627e+08	3400.000000	1.06265e+09	3400.000000	1.06048e+09	3400.000000	1.47239e+09	
3600.000000	1.57899e+11	3600.000000	1.19161e+11	3600.000000	1.20737e+11	3600.000000	1.20854e+11	3600.000000	1.2078e+11	3600.000000	4.79077e+08	3600.000000	4.07083e+08	3600.000000	1.11344e+09	3600.000000	1.11627e+09	3600.000000	1.55262e+09	
3800.000000	1.66689e+11	3800.000000	1.26074e+11	3800.000000	1.28095e+11	3800.000000	1.28219e+11	3800.000000	1.2814e+11	3800.000000	4.96268e+08	3800.000000	4.33791e+08	3800.000000	1.16284e+09	3800.000000	1.17077e+09	3800.000000	1.63114e+09	
4000.000000	1.75312e+11	4000.000000	1.32904e+11	4000.000000	1.35426e+11	4000.000000	1.35557e+11	4000.000000	1.35474e+11	4000.000000	5.12839e+08	4000.000000	4.60743e+08	4000.000000	1.21093e+09	4000.000000	1.22404e+09	4000.000000	1.70801e+09	
4200.000000	1.83769e+11	4200.000000	1.39651e+11	4200.000000	1.42732e+11	4200.000000	1.4287e+11	4200.000000	1.42781e+11	4200.000000	5.28838e+08	4200.000000	4.87932e+08	4200.000000	1.25778e+09	4200.000000	1.27612e+09	4200.000000	1.7833e+09	
4400.000000	1.92061e+11	4400.000000	1.46316e+11	4400.000000	1.50011e+11	4400.000000	1.50155e+11	4400.000000	1.50062e+11	4400.000000	5.44309e+08	4400.000000	5.15356e+08	4400.000000	1.30346e+09	4400.000000	1.32708e+09	4400.000000	1.85707e+09	
4600.000000	2.00189e+11	4600.000000	1.52898e+11	4600.000000	1.57264e+11	4600.000000	1.57414e+11	4600.000000	1.57317e+11	4600.000000	5.59289e+08	4600.000000	5.43009e+08	4600.000000	1.34804e+09	4600.000000	1.37696e+09	4600.000000	1.92939e+09	
4800.000000	2.08156e+11	4800.000000	1.59398e+11	4800.000000	1.6449e+11	4800.000000	1.64647e+11	4800.000000	1.64545e+11	4800.000000	5.73813e+08	4800.000000	5.70888e+08	4800.000000	1.39159e+09	4800.000000	1.42581e+09	4800.000000	2.00032e+09	
5000.000000	2.15964e+11	5000.000000	1.65816e+11	5000.000000	1.7169e+11	5000.000000	1.71853e+11	5000.000000	1.71747e+11	5000.000000	5.87911e+08	5000.000000	5.98992e+08	5000.000000	1.43414e+09	5000.000000	1.47367e+09	5000.000000	2.0699e+09	
5250.000000	2.25506e+11	5250.000000	1.73726e+11	5250.000000	1.80653e+11	5250.000000	1.80825e+11	5250.000000	1.80713e+11	5250.000000	6.04977e+08	5250.000000	6.34432e+08	5250.000000	1.48603e+09	5250.000000	1.53218e+09	5250.000000	2.15508e+09	
5500.000000	2.34811e+11	5500.000000	1.81513e+11	5500.000000	1.89577e+11	5500.000000	1.89757e+11	5500.000000	1.8964e+11	5500.000000	6.21471e+08	5500.000000	6.70213e+08	5500.000000	1.53654e+09	5500.000000	1.58929e+09	5500.000000	2.23836e+09	
6000.000000	2.52733e+11	6000.000000	1.96725e+11	6000.000000	2.07309e+11	6000.000000	2.07504e+11	6000.000000	2.07376e+11	6000.000000	6.52908e+08	6000.000000	7.42778e+08	6000.000000	1.6338e+09	6000.000000	1.69959e+09	6000.000000	2.39955e+09	
6500.000000	2.69785e+11	6500.000000	2.11473e+11	6500.000000	2.24892e+11	6500.000000	2.25103e+11	6500.000000	2.24964e+11	6500.000000	6.82514e+08	6500.000000	8.16652e+08	6500.000000	1.72649e+09	6500.000000	1.80512e+09	6500.000000	2.55415e+09	
7000.000000	2.8602e+11	7000.000000	2.25779e+11	7000.000000	2.42334e+11	7000.000000	2.4256e+11	7000.000000	2.42411e+11	7000.000000	7.10525e+08	7000.000000	8.91794e+08	7000.000000	1.81511e+09	7000.000000	1.9063e+09	7000.000000	2.70276e+09	
7500.000000	3.01488e+11	7500.000000	2.39664e+11	7500.000000	2.59642e+11	7500.000000	2.59883e+11	7500.000000	2.59724e+11	7500.000000	7.37134e+08	7500.000000	9.68171e+08	7500.000000	1.90007e+09	7500.000000	2.00354e+09	7500.000000	2.8459e+09	
8000.000000	3.16238e+11	8000.000000	2.53148e+11	8000.000000	2.76824e+11	8000.000000	2.77079e+11	8000.000000	2.7691e+11	8000.000000	7.625e+08 	8000.000000	1.04575e+09	8000.000000	1.98172e+09	8000.000000	2.09717e+09	8000.000000	2.98403e+09	
8500.000000	3.30316e+11	8500.000000	2.66254e+11	8500.000000	2.93885e+11	8500.000000	2.94154e+11	8500.000000	2.93976e+11	8500.000000	7.86754e+08	8500.000000	1.12449e+09	8500.000000	2.06037e+09	8500.000000	2.1875e+09	8500.000000	3.11754e+09	
9000.000000	3.43766e+11	9000.000000	2.78999e+11	9000.000000	3.10832e+11	9000.000000	3.11116e+11	9000.000000	3.10928e+11	9000.000000	8.10011e+08	9000.000000	1.20438e+09	9000.000000	2.13627e+09	9000.000000	2.27478e+09	9000.000000	3.24679e+09	
9500.000000	3.56627e+11	9500.000000	2.91401e+11	9500.000000	3.27672e+11	9500.000000	3.27969e+11	9500.000000	3.27772e+11	9500.000000	8.32364e+08	9500.000000	1.28538e+09	9500.000000	2.20966e+09	9500.000000	2.35926e+09	9500.000000	3.3721e+09	
10000.000000	3.68936e+11	10000.000000	3.03479e+11	10000.000000	3.44408e+11	10000.000000	3.44718e+11	10000.000000	3.44512e+11	10000.000000	8.53897e+08	10000.000000	1.36745e+09	10000.000000	2.28073e+09	10000.000000	2.44112e+09	10000.000000	3.49376e+09	
11000.000000	3.92034e+11	11000.000000	3.26722e+11	11000.000000	3.77591e+11	11000.000000	3.77929e+11	11000.000000	3.77704e+11	11000.000000	8.94777e+08	11000.000000	1.53474e+09	11000.000000	2.41659e+09	11000.000000	2.59776e+09	11000.000000	3.72705e+09	
12000.000000	4.13303e+11	12000.000000	3.48844e+11	12000.000000	4.10418e+11	12000.000000	4.10782e+11	12000.000000	4.1054e+11	12000.000000	9.33118e+08	12000.000000	1.70612e+09	12000.000000	2.54506e+09	12000.000000	2.74595e+09	12000.000000	3.94842e+09	
13000.000000	4.32952e+11	13000.000000	3.69947e+11	13000.000000	4.42921e+11	13000.000000	4.43309e+11	13000.000000	4.4305e+11	13000.000000	9.69284e+08	13000.000000	1.88141e+09	13000.000000	2.66706e+09	13000.000000	2.88671e+09	13000.000000	4.15925e+09	
14000.000000	4.51161e+11	14000.000000	3.90122e+11	14000.000000	4.75123e+11	14000.000000	4.75536e+11	14000.000000	4.7526e+11	14000.000000	1.00356e+09	14000.000000	2.06039e+09	14000.000000	2.78336e+09	14000.000000	3.02089e+09	14000.000000	4.36072e+09	
15000.000000	4.68082e+11	15000.000000	4.09446e+11	15000.000000	5.07047e+11	15000.000000	5.07486e+11	15000.000000	5.07194e+11	15000.000000	1.03619e+09	15000.000000	2.24285e+09	15000.000000	2.8946e+09	15000.000000	3.14918e+09	15000.000000	4.5538e+09	
16000.000000	4.83849e+11	16000.000000	4.27989e+11	16000.000000	5.38712e+11	16000.000000	5.3918e+11	16000.000000	5.38872e+11	16000.000000	1.06735e+09	16000.000000	2.42866e+09	16000.000000	3.00131e+09	16000.000000	3.27218e+09	16000.000000	4.73932e+09	
17000.000000	4.98576e+11	17000.000000	4.45813e+11	17000.000000	5.70139e+11	17000.000000	5.70634e+11	17000.000000	5.70311e+11	17000.000000	1.0972e+09	17000.000000	2.61772e+09	17000.000000	3.10392e+09	17000.000000	3.39039e+09	17000.000000	4.91798e+09	
18000.000000	5.12364e+11	18000.000000	4.62973e+11	18000.000000	6.01343e+11	18000.000000	6.01866e+11	18000.000000	6.01528e+11	18000.000000	1.12588e+09	18000.000000	2.80999e+09	18000.000000	3.20282e+09	18000.000000	3.50424e+09	18000.000000	5.09039e+09	
19000.000000	5.253e+11 	19000.000000	4.79516e+11	19000.000000	6.32339e+11	19000.000000	6.32888e+11	19000.000000	6.32535e+11	19000.000000	1.15349e+09	19000.000000	3.00538e+09	19000.000000	3.29833e+09	19000.000000	3.6141e+09	19000.000000	5.25707e+09	
20000.000000	5.37461e+11	20000.000000	4.95486e+11	20000.000000	6.6314e+11	20000.000000	6.63714e+11	20000.000000	6.63346e+11	20000.000000	1.18015e+09	20000.000000	3.20386e+09	20000.000000	3.39073e+09	20000.000000	3.72031e+09	20000.000000	5.41848e+09	
21000.000000	5.48916e+11	21000.000000	5.10923e+11	21000.000000	6.93759e+11	21000.000000	6.94354e+11	21000.000000	6.93973e+11	21000.000000	1.20592e+09	21000.000000	3.40534e+09	21000.000000	3.48027e+09	21000.000000	3.82313e+09	21000.000000	5.57503e+09	
22000.000000	5.59724e+11	22000.000000	5.25862e+11	22000.000000	7.24203e+11	22000.000000	7.24819e+11	22000.000000	7.24424e+11	22000.000000	1.23088e+09	22000.000000	3.60974e+09	22000.000000	3.56717e+09	22000.000000	3.92284e+09	22000.000000	5.72707e+09	
23000.000000	5.69939e+11	23000.000000	5.40335e+11	23000.000000	7.54482e+11	23000.000000	7.55117e+11	23000.000000	7.54709e+11	23000.000000	1.25509e+09	23000.000000	3.81701e+09	23000.000000	3.65162e+09	23000.000000	4.01964e+09	23000.000000	5.87491e+09	
24000.000000	5.79607e+11	24000.000000	5.54371e+11	24000.000000	7.84603e+11	24000.000000	7.85258e+11	24000.000000	7.84838e+11	24000.000000	1.27861e+09	24000.000000	4.02707e+09	24000.000000	3.73378e+09	24000.000000	4.11374e+09	24000.000000	6.01884e+09	
25000.000000	5.88773e+11	25000.000000	5.67995e+11	25000.000000	8.14574e+11	25000.000000	8.15249e+11	25000.000000	8.14816e+11	25000.000000	1.3015e+09	25000.000000	4.23969e+09	25000.000000	3.81381e+09	25000.000000	4.20532e+09	25000.000000	6.15912e+09	
26000.000000	5.97473e+11	26000.000000	5.81232e+11	26000.000000	8.44402e+11	26000.000000	8.45097e+11	26000.000000	8.44652e+11	26000.000000	1.32378e+09	26000.000000	4.45472e+09	26000.000000	3.89185e+09	26000.000000	4.29454e+09	26000.000000	6.29596e+09	
27000.000000	6.05743e+11	27000.000000	5.94104e+11	27000.000000	8.74094e+11	27000.000000	8.74809e+11	27000.000000	8.74352e+11	27000.000000	1.34551e+09	27000.000000	4.67223e+09	27000.000000	3.96801e+09	27000.000000	4.38154e+09	27000.000000	6.42959e+09	
28000.000000	6.13613e+11	28000.000000	6.06631e+11	28000.000000	9.03655e+11	28000.000000	9.0439e+11	28000.000000	9.03921e+11	28000.000000	1.36672e+09	28000.000000	4.89227e+09	28000.000000	4.04241e+09	28000.000000	4.46645e+09	28000.000000	6.56017e+09	
29000.000000	6.21112e+11	29000.000000	6.18832e+11	29000.000000	9.33092e+11	29000.000000	9.33845e+11	29000.000000	9.33365e+11	29000.000000	1.38744e+09	29000.000000	5.11483e+09	29000.000000	4.11515e+09	29000.000000	4.54939e+09	29000.000000	6.68789e+09	
30000.000000	6.28264e+11	30000.000000	6.30723e+11	30000.000000	9.62409e+11	30000.000000	9.63181e+11	30000.000000	9.6269e+11	30000.000000	1.40769e+09	30000.000000	5.33986e+09	30000.000000	4.18632e+09	30000.000000	4.63048e+09	30000.000000	6.8129e+09	
32000.000000	6.41622e+11	32000.000000	6.53639e+11	32000.000000	1.0207e+12	32000.000000	1.02151e+12	32000.000000	1.021e+12 	32000.000000	1.44692e+09	32000.000000	5.79699e+09	32000.000000	4.32427e+09	32000.000000	4.78745e+09	32000.000000	7.05533e+09	
34000.000000	6.53849e+11	34000.000000	6.75491e+11	34000.000000	1.07857e+12	34000.000000	1.07941e+12	34000.000000	1.07888e+12	34000.000000	1.48459e+09	34000.000000	6.26307e+09	34000.000000	4.45685e+09	34000.000000	4.93808e+09	34000.000000	7.28849e+09	
36000.000000	6.65081e+11	36000.000000	6.96376e+11	36000.000000	1.13605e+12	36000.000000	1.13692e+12	36000.000000	1.13637e+12	36000.000000	1.52086e+09	36000.000000	6.73762e+09	36000.000000	4.58458e+09	36000.000000	5.08296e+09	36000.000000	7.51322e+09	
38000.000000	6.75433e+11	38000.000000	7.16379e+11	38000.000000	1.19315e+12	38000.000000	1.19405e+12	38000.000000	1.19349e+12	38000.000000	1.55585e+09	38000.000000	7.22035e+09	38000.000000	4.70787e+09	38000.000000	5.2226e+09	38000.000000	7.73026e+09	
40000.000000	6.85002e+11	40000.000000	7.35573e+11	40000.000000	1.24991e+12	40000.000000	1.25084e+12	40000.000000	1.25026e+12	40000.000000	1.58969e+09	40000.000000	7.71103e+09	40000.000000	4.8271e+09	40000.000000	5.35743e+09	40000.000000	7.94024e+09	
42000.000000	6.93873e+11	42000.000000	7.54022e+11	42000.000000	1.30634e+12	42000.000000	1.30729e+12	42000.000000	1.3067e+12	42000.000000	1.62246e+09	42000.000000	8.20949e+09	42000.000000	4.94259e+09	42000.000000	5.48786e+09	42000.000000	8.14373e+09	
44000.000000	7.02117e+11	44000.000000	7.71784e+11	44000.000000	1.36246e+12	44000.000000	1.36344e+12	44000.000000	1.36284e+12	44000.000000	1.65426e+09	44000.000000	8.71558e+09	44000.000000	5.05463e+09	44000.000000	5.61422e+09	44000.000000	8.34122e+09	
46000.000000	7.09797e+11	46000.000000	7.88909e+11	46000.000000	1.4183e+12	46000.000000	1.4193e+12	46000.000000	1.41868e+12	46000.000000	1.68515e+09	46000.000000	9.22918e+09	46000.000000	5.16346e+09	46000.000000	5.7368e+09	46000.000000	8.53312e+09	
48000.000000	7.16968e+11	48000.000000	8.05443e+11	48000.000000	1.47385e+12	48000.000000	1.47488e+12	48000.000000	1.47425e+12	48000.000000	1.71521e+09	48000.000000	9.75015e+09	48000.000000	5.26932e+09	48000.000000	5.85587e+09	48000.000000	8.71983e+09	
50000.000000	7.23677e+11	50000.000000	8.21426e+11	50000.000000	1.52915e+12	50000.000000	1.5302e+12	50000.000000	1.52956e+12	50000.000000	1.74449e+09	50000.000000	1.02783e+10	50000.000000	5.37238e+09	50000.000000	5.97166e+09	50000.000000	8.90169e+09	
