! 3He range in H180C10F40
! apply ZOOM for details
Energy (MeV/u)1	0 - [He-base] F.Hubert et al, AD&ND Tables 46(1990)1	Energy (MeV/u)2	1 - [H -base] J.F.Ziegler et al,Pergamon Press,NY(low energy)	Energy (MeV/u)3	2 - ATIMA 1.2 LS-theory (recommended for high energy)	Energy (MeV/u)4	3 - ATIMA 1.2 without LS-correction	Energy (MeV/u)5	4 - ATIMA 1.4 H.Weick, improved mean charge formula for HI	Energy (MeV/u)6	5 - Range straggling - method [0] - LISE	Energy (MeV/u)7	6 - Range straggling - method [1] - Atima	Energy (MeV/u)8	7 - Lateral range - method [0] - LISE	Energy (MeV/u)9	8 - Lateral range - method [1] - Atima	Energy (MeV/u)10	9 - Lateral range - method [2] - PDG	
0.001000	261.162   	0.001000	261.162   	0.001000	200.692   	0.001000	200.692   	0.001000	200.776   	0.001000	0         	0.001000	0         	0.001000	2.49933   	0.001000	5.12904   	0.001000	2.52105   	
0.002000	522.324   	0.002000	522.324   	0.002000	401.384   	0.002000	401.384   	0.002000	401.551   	0.002000	23.9556   	0.002000	23.9556   	0.002000	7.31902   	0.002000	14.5111   	0.002000	7.75081   	
0.005000	1084.61   	0.005000	1084.61   	0.005000	830.92    	0.005000	830.92    	0.005000	831.155   	0.005000	27.0231   	0.005000	27.0231   	0.005000	22.1885   	0.005000	42.9378   	0.005000	24.232    	
0.008000	1492.39   	0.008000	1492.39   	0.008000	1148.66   	0.008000	1148.66   	0.008000	1148.91   	0.008000	27.0898   	0.008000	27.0898   	0.008000	36.4551   	0.008000	69.7061   	0.008000	40.3823   	
0.010000	1721.62   	0.010000	1721.62   	0.010000	1330.09   	0.010000	1330.09   	0.010000	1330.35   	0.010000	27.2974   	0.010000	27.2974   	0.010000	45.6686   	0.010000	86.8319   	0.010000	50.9181   	
0.015000	2187.77   	0.015000	2187.77   	0.015000	1722.75   	0.015000	1722.75   	0.015000	1723.02   	0.015000	28.2608   	0.015000	28.2608   	0.015000	67.9769   	0.015000	127.942   	0.015000	76.66     	
0.020000	2553.55   	0.020000	2553.55   	0.020000	2060.9    	0.020000	2060.9    	0.020000	2061.18   	0.020000	29.4991   	0.020000	29.4991   	0.020000	89.5984   	0.020000	167.409   	0.020000	101.853   	
0.025000	2862.11   	0.025000	2862.11   	0.025000	2364.01   	0.025000	2364.01   	0.025000	2364.29   	0.025000	30.7901   	0.025000	30.7901   	0.025000	110.289   	0.025000	204.542   	0.025000	126.65    	
0.030000	3134.62   	0.030000	3134.62   	0.030000	2641.65   	0.030000	2641.65   	0.030000	2641.93   	0.030000	32.0454   	0.030000	32.0454   	0.030000	129.06    	0.030000	236.771   	0.030000	151.093   	
0.035000	3382.77   	0.035000	3382.77   	0.035000	2899.92   	0.035000	2899.92   	0.035000	2900.21   	0.035000	33.2378   	0.035000	33.2378   	0.035000	146.602   	0.035000	265.919   	0.035000	174.79    	
0.040000	3613.38   	0.040000	3613.38   	0.040000	3143.05   	0.040000	3143.05   	0.040000	3143.33   	0.040000	34.3643   	0.040000	34.3643   	0.040000	163.335   	0.040000	293.047   	0.040000	194.33    	
0.045000	3830.67   	0.045000	3830.67   	0.045000	3373.96   	0.045000	3373.96   	0.045000	3374.24   	0.045000	35.4282   	0.045000	35.4282   	0.045000	179.464   	0.045000	318.659   	0.045000	210.291   	
0.050000	4037.37   	0.050000	4037.37   	0.050000	3594.78   	0.050000	3594.78   	0.050000	3595.07   	0.050000	36.4355   	0.050000	36.6049   	0.050000	195.194   	0.050000	343.267   	0.050000	224.154   	
0.055000	4235.37   	0.055000	4235.37   	0.055000	3807.15   	0.055000	3807.15   	0.055000	3807.43   	0.055000	37.3922   	0.055000	37.7902   	0.055000	210.374   	0.055000	366.691   	0.055000	236.388   	
0.060000	4426.07   	0.060000	4426.07   	0.060000	4012.32   	0.060000	4012.32   	0.060000	4012.61   	0.060000	38.3043   	0.060000	38.8942   	0.060000	224.826   	0.060000	388.815   	0.060000	247.238   	
0.070000	4789.7    	0.070000	4789.7    	0.070000	4405.01   	0.070000	4405.01   	0.070000	4405.29   	0.070000	40.0166   	0.070000	40.9124   	0.070000	249.038   	0.070000	425.956   	0.070000	266.151   	
0.080000	5134.74   	0.080000	5134.74   	0.080000	4779.05   	0.080000	4779.05   	0.080000	4779.34   	0.080000	41.6094   	0.080000	42.7419   	0.080000	268.982   	0.080000	456.556   	0.080000	282.193   	
0.090000	5465.82   	0.090000	5465.82   	0.090000	5138.88   	0.090000	5138.88   	0.090000	5139.17   	0.090000	43.1124   	0.090000	44.4366   	0.090000	286.141   	0.090000	482.811   	0.090000	296.504   	
0.100000	5786.4    	0.100000	5786.4    	0.100000	5487.8    	0.100000	5487.8    	0.100000	5488.08   	0.100000	44.5486   	0.100000	46.0341   	0.100000	301.323   	0.100000	505.995   	0.100000	309.273   	
0.120000	6406.15   	0.120000	6406.15   	0.120000	6162.51   	0.120000	6162.51   	0.120000	6162.8    	0.120000	47.2898   	0.120000	49.041    	0.120000	327.751   	0.120000	546.164   	0.120000	332.007   	
0.140000	7009.46   	0.140000	7009.46   	0.140000	6817.94   	0.140000	6817.94   	0.140000	6818.23   	0.140000	49.941    	0.140000	51.9088   	0.140000	350.449   	0.140000	580.425   	0.140000	351.995   	
0.160000	7606.5    	0.160000	7606.5    	0.160000	7463.92   	0.160000	7463.92   	0.160000	7464.21   	0.160000	52.575    	0.160000	54.6846   	0.160000	370.778   	0.160000	610.9     	0.160000	370.221   	
0.180000	8204.24   	0.180000	8204.24   	0.180000	8107.35   	0.180000	8107.35   	0.180000	8107.63   	0.180000	55.2439   	0.180000	57.4245   	0.180000	389.726   	0.180000	639.138   	0.180000	387.34    	
0.200000	8807.65   	0.200000	8807.65   	0.200000	8753.26   	0.200000	8753.26   	0.200000	8753.55   	0.200000	57.9868   	0.200000	60.178    	0.200000	407.329   	0.200000	665.205   	0.200000	403.493   	
0.250000	10362.5   	0.250000	10362.5   	0.250000	10401.7   	0.250000	10401.7   	0.250000	10402     	0.250000	65.3518   	0.250000	67.3367   	0.250000	448.854   	0.250000	726.107   	0.250000	442.025   	
0.300000	12008.7   	0.300000	12008.7   	0.300000	12126.7   	0.300000	12126.7   	0.300000	12127     	0.300000	73.6857   	0.300000	75.1504   	0.300000	488.453   	0.300000	783.396   	0.300000	479.375   	
0.350000	13764.5   	0.350000	13764.5   	0.350000	13950.7   	0.350000	13950.7   	0.350000	13950.9   	0.350000	83.1901   	0.350000	83.8296   	0.350000	527.542   	0.350000	839.329   	0.350000	516.636   	
0.400000	15639.6   	0.400000	15639.6   	0.400000	15886.9   	0.400000	15886.9   	0.400000	15887.2   	0.400000	93.9837   	0.400000	93.4807   	0.400000	567.076   	0.400000	895.335   	0.400000	554.634   	
0.450000	17638.7   	0.450000	17638.7   	0.450000	17943.5   	0.450000	17943.5   	0.450000	17943.7   	0.450000	106.128   	0.450000	104.15    	0.450000	607.236   	0.450000	951.691   	0.450000	593.504   	
0.500000	19764.1   	0.500000	19764.1   	0.500000	20124.9   	0.500000	20124.9   	0.500000	20125.2   	0.500000	119.646   	0.500000	115.848   	0.500000	648.69    	0.500000	1009.42   	0.500000	633.806   	
0.600000	24395.8   	0.600000	24395.8   	0.600000	24870.9   	0.600000	24870.9   	0.600000	24871.2   	0.600000	150.765   	0.600000	142.524   	0.600000	735.35    	0.600000	1128.76   	0.600000	718.707   	
0.700000	29531     	0.700000	29531     	0.700000	30130     	0.700000	30130     	0.700000	30130.3   	0.700000	187.138   	0.700000	174.528   	0.700000	827.793   	0.700000	1254.52   	0.700000	809.604   	
0.800000	35160.1   	0.800000	35160.1   	0.800000	35896.2   	0.800000	35896.2   	0.800000	35896.4   	0.800000	228.479   	0.800000	211.154   	0.800000	926.388   	0.800000	1387.23   	0.800000	906.932   	
0.900000	41271.8   	0.900000	41271.8   	0.900000	42159.1   	0.900000	42159.1   	0.900000	42159.4   	0.900000	274.501   	0.900000	251.677   	0.900000	1031.08   	0.900000	1526.82   	0.900000	1010.66   	
1.000000	47855.1   	1.000000	47855.1   	1.000000	48907.4   	1.000000	48907.4   	1.000000	48907.7   	1.000000	324.961   	1.000000	295.587   	1.000000	1141.99   	1.000000	1673.49   	1.000000	1120.76   	
1.250000	66311.6   	1.250000	66311.6   	1.250000	67831.8   	1.250000	67831.8   	1.250000	67832.1   	1.250000	469.316   	1.250000	418.058   	1.250000	1437.54   	1.250000	2051.82   	1.250000	1423.23   	
1.500000	87522.2   	1.500000	87522.2   	1.500000	89580.1   	1.500000	89580.1   	1.500000	89580.3   	1.500000	638.176   	1.500000	556.34    	1.500000	1768.99   	1.500000	2470.4    	1.500000	1763.32   	
1.750000	111391    	1.750000	111391    	1.750000	114049    	1.750000	114049    	1.750000	114049    	1.750000	830.458   	1.750000	708.833   	1.750000	2136.08   	1.750000	2929.26   	1.750000	2102.77   	
2.000000	137848    	2.000000	137848    	2.000000	141165    	2.000000	141165    	2.000000	141165    	2.000000	1045.61   	2.000000	874.673   	2.000000	2538      	2.000000	3426.98   	2.000000	2470      	
2.250000	166836    	2.250000	166836    	2.250000	170873    	2.250000	170873    	2.250000	170873    	2.250000	1283.34   	2.250000	1053.38   	2.250000	2974.19   	2.250000	3962.49   	2.250000	2873.53   	
2.500000	198376    	2.500000	198312    	2.500000	203131    	2.500000	203131    	2.500000	203131    	2.500000	1543.48   	2.500000	1244.67   	2.500000	3441.58   	2.500000	4531.83   	2.500000	3312.53   	
3.000000	272733    	3.000000	268577    	3.000000	275160    	3.000000	275160    	3.000000	275160    	3.000000	2130.52   	3.000000	1664.32   	3.000000	4449.97   	3.000000	5747.89   	3.000000	4294.51   	
3.500000	357135    	3.500000	348380    	3.500000	357021    	3.500000	357021    	3.500000	357021    	3.500000	2805.92   	3.500000	2132.17   	3.500000	5578.38   	3.500000	7092.63   	3.500000	5412.12   	
4.000000	451361    	4.000000	437502    	4.000000	448525    	4.000000	448525    	4.000000	448525    	4.000000	3568.9    	4.000000	2646.85   	4.000000	6838.18   	4.000000	8577.83   	4.000000	6662.6    	
4.500000	555223    	4.500000	535750    	4.500000	549509    	4.500000	549509    	4.500000	549509    	4.500000	4418.61   	4.500000	3207.34   	4.500000	8226.99   	4.500000	10199.2   	4.500000	8043.75   	
5.000000	668559    	5.000000	642953    	5.000000	659826    	5.000000	659826    	5.000000	659826    	5.000000	5354.24   	5.000000	3812.7    	5.000000	9742.75   	5.000000	11953.2   	5.000000	9553.67   	
5.500000	791227    	5.500000	758954    	5.500000	779346    	5.500000	779346    	5.500000	779346    	5.500000	6374.97   	5.500000	4462.01   	5.500000	11383.7   	5.500000	13836.6   	5.500000	11190.7   	
6.000000	923099    	6.000000	883614    	6.000000	907949    	6.000000	907949    	6.000000	907949    	6.000000	7480.04   	6.000000	5154.47   	6.000000	13148.2   	6.000000	15847     	6.000000	12953.3   	
6.500000	1.06406e+06	6.500000	1.01681e+06	6.500000	1.04553e+06	6.500000	1.04553e+06	6.500000	1.04553e+06	6.500000	8668.75   	6.500000	5889.38   	6.500000	15034.9   	6.500000	17981.8   	6.500000	14840.2   	
7.000000	1.214e+06 	7.000000	1.15841e+06	7.000000	1.19199e+06	7.000000	1.19199e+06	7.000000	1.19199e+06	7.000000	9940.45   	7.000000	6666.05   	7.000000	17042.7   	7.000000	20239.2   	7.000000	16850.3   	
7.500000	1.37282e+06	7.500000	1.30833e+06	7.500000	1.34723e+06	7.500000	1.34723e+06	7.500000	1.34723e+06	7.500000	11294.6   	7.500000	7483.92   	7.500000	19170.2   	7.500000	22617.1   	7.500000	18982.4   	
8.000000	1.54043e+06	8.000000	1.46646e+06	8.000000	1.51118e+06	8.000000	1.51118e+06	8.000000	1.51118e+06	8.000000	12730.6   	8.000000	8342.45   	8.000000	21416.6   	8.000000	25113.9   	8.000000	21235.6   	
8.500000	1.71675e+06	8.500000	1.63271e+06	8.500000	1.68377e+06	8.500000	1.68377e+06	8.500000	1.68377e+06	8.500000	14247.9   	8.500000	9241.24   	8.500000	23781     	8.500000	27728.1   	8.500000	23609.1   	
9.000000	1.90169e+06	9.000000	1.80701e+06	9.000000	1.86491e+06	9.000000	1.86491e+06	9.000000	1.86491e+06	9.000000	15846.3   	9.000000	10179.8   	9.000000	26262.4   	9.000000	30458.4   	9.000000	26102     	
9.500000	2.09518e+06	9.500000	1.98926e+06	9.500000	2.05455e+06	9.500000	2.05455e+06	9.500000	2.05455e+06	9.500000	17525.2   	9.500000	11157.7   	9.500000	28860.1   	9.500000	33303.3   	9.500000	28713.5   	
10.000000	2.29714e+06	10.000000	2.17964e+06	10.000000	2.25263e+06	10.000000	2.25263e+06	10.000000	2.25263e+06	10.000000	19284.3   	10.000000	12174.3   	10.000000	31573.4   	10.000000	36261.8   	10.000000	31443.1   	
11.000000	2.72623e+06	11.000000	2.59798e+06	11.000000	2.6741e+06	11.000000	2.67408e+06	11.000000	2.67411e+06	11.000000	23047.9   	11.000000	14325.8   	11.000000	37348.4   	11.000000	42519.4   	11.000000	37258.1   	
12.000000	3.18844e+06	12.000000	3.04919e+06	12.000000	3.12914e+06	12.000000	3.12909e+06	12.000000	3.12918e+06	12.000000	27139.4   	12.000000	16635.8   	12.000000	43586.6   	12.000000	49227.6   	12.000000	43546.7   	
13.000000	3.6833e+06	13.000000	3.53287e+06	13.000000	3.61736e+06	13.000000	3.61725e+06	13.000000	3.61744e+06	13.000000	31554.9   	13.000000	19101.1   	13.000000	50283.8   	13.000000	56379.2   	13.000000	50304.7   	
14.000000	4.21038e+06	14.000000	4.04861e+06	14.000000	4.13838e+06	14.000000	4.13821e+06	14.000000	4.13853e+06	14.000000	36290.6   	14.000000	21717.5   	14.000000	57435.8   	14.000000	63967.8   	14.000000	57528.3   	
15.000000	4.76926e+06	15.000000	4.59606e+06	15.000000	4.69184e+06	15.000000	4.69161e+06	15.000000	4.69208e+06	15.000000	41342.9   	15.000000	24482.1   	15.000000	65038.5   	15.000000	71986.9   	15.000000	65213.7   	
16.000000	5.35957e+06	16.000000	5.17486e+06	16.000000	5.27741e+06	16.000000	5.27709e+06	16.000000	5.27776e+06	16.000000	46708.2   	16.000000	27393     	16.000000	73087.6   	16.000000	80430.5   	16.000000	73356.9   	
17.000000	5.98095e+06	17.000000	5.78471e+06	17.000000	5.89472e+06	17.000000	5.89433e+06	17.000000	5.89521e+06	17.000000	52382.7   	17.000000	30448.8   	17.000000	81579.1   	17.000000	89292.8   	17.000000	81954.1   	
18.000000	6.63304e+06	18.000000	6.42529e+06	18.000000	6.54344e+06	18.000000	6.54298e+06	18.000000	6.54409e+06	18.000000	58362.6   	18.000000	33646.6   	18.000000	90508.7   	18.000000	98567.8   	18.000000	91001.1   	
19.000000	7.31554e+06	19.000000	7.09631e+06	19.000000	7.22323e+06	19.000000	7.22271e+06	19.000000	7.22408e+06	19.000000	64643.7   	19.000000	36982.6   	19.000000	99871.7   	19.000000	108250    	19.000000	100494    	
20.000000	8.02814e+06	20.000000	7.79749e+06	20.000000	7.93375e+06	20.000000	7.93318e+06	20.000000	7.93482e+06	20.000000	71221.9   	20.000000	40453.8   	20.000000	109664    	20.000000	118333    	20.000000	110428    	
21.000000	8.77053e+06	21.000000	8.52857e+06	21.000000	8.67469e+06	21.000000	8.67405e+06	21.000000	8.67598e+06	21.000000	78092.8   	21.000000	44058     	21.000000	119880    	21.000000	128811    	21.000000	120799    	
22.000000	9.54243e+06	22.000000	9.2893e+06	22.000000	9.44568e+06	22.000000	9.44499e+06	22.000000	9.4472e+06	22.000000	85251.7   	22.000000	47792.5   	22.000000	130516    	22.000000	139678    	22.000000	131602    	
23.000000	1.03436e+07	23.000000	1.00794e+07	23.000000	1.02464e+07	23.000000	1.02456e+07	23.000000	1.02482e+07	23.000000	92693.9   	23.000000	51654.4   	23.000000	141566    	23.000000	150930    	23.000000	142832    	
24.000000	1.11737e+07	24.000000	1.08987e+07	24.000000	1.10764e+07	24.000000	1.10756e+07	24.000000	1.10785e+07	24.000000	100414    	24.000000	55641.2   	24.000000	153025    	24.000000	162558    	24.000000	154485    	
25.000000	1.20326e+07	25.000000	1.17469e+07	25.000000	1.19353e+07	25.000000	1.19347e+07	25.000000	1.19378e+07	25.000000	108408    	25.000000	59750.3   	25.000000	164888    	25.000000	174559    	25.000000	166555    	
27.000000	1.38355e+07	27.000000	1.35292e+07	27.000000	1.37387e+07	27.000000	1.37382e+07	27.000000	1.3742e+07	27.000000	125192    	27.000000	68320.6   	27.000000	189803    	27.000000	199649    	27.000000	191926    	
29.000000	1.57506e+07	29.000000	1.54247e+07	29.000000	1.56534e+07	29.000000	1.56535e+07	29.000000	1.56579e+07	29.000000	143001    	29.000000	77337.1   	29.000000	216264    	29.000000	226152    	29.000000	218899    	
31.000000	1.7776e+07	31.000000	1.74317e+07	31.000000	1.7677e+07	31.000000	1.76776e+07	31.000000	1.76826e+07	31.000000	161797    	31.000000	86786.4   	31.000000	244229    	31.000000	254020    	31.000000	247433    	
33.000000	1.99101e+07	33.000000	1.95487e+07	33.000000	1.98089e+07	33.000000	1.98103e+07	33.000000	1.98158e+07	33.000000	181602    	33.000000	96674.5   	33.000000	273693    	33.000000	283247    	33.000000	277527    	
35.000000	2.21514e+07	35.000000	2.17743e+07	35.000000	2.20481e+07	35.000000	2.20505e+07	35.000000	2.20563e+07	35.000000	202410    	35.000000	107000    	35.000000	304640    	35.000000	313813    	35.000000	309166    	
38.000000	2.57112e+07	38.000000	2.53131e+07	38.000000	2.56052e+07	38.000000	2.56092e+07	38.000000	2.56153e+07	38.000000	235472    	38.000000	123299    	38.000000	353794    	38.000000	362121    	38.000000	359478    	
41.000000	2.95041e+07	41.000000	2.90886e+07	41.000000	2.9396e+07	41.000000	2.94022e+07	41.000000	2.94084e+07	41.000000	270713    	41.000000	140536    	41.000000	406171    	41.000000	413321    	41.000000	413163    	
44.000000	3.35257e+07	44.000000	3.30965e+07	44.000000	3.34169e+07	44.000000	3.34253e+07	44.000000	3.34313e+07	44.000000	308088    	44.000000	158699    	44.000000	461708    	44.000000	467346    	44.000000	470165    	
47.000000	3.7772e+07	47.000000	3.73327e+07	47.000000	3.76638e+07	47.000000	3.76746e+07	47.000000	3.76802e+07	47.000000	347554    	47.000000	177775    	47.000000	520346    	47.000000	524136    	47.000000	530430    	
50.000000	4.2239e+07	50.000000	4.17935e+07	50.000000	4.21326e+07	50.000000	4.21464e+07	50.000000	4.21514e+07	50.000000	389067    	50.000000	197732    	50.000000	582028    	50.000000	583635    	50.000000	593909    	
55.000000	5.01646e+07	55.000000	4.97174e+07	55.000000	5.00649e+07	55.000000	5.00844e+07	55.000000	5.00878e+07	55.000000	462692    	55.000000	232892    	55.000000	691452    	55.000000	688676    	55.000000	706718    	
60.000000	5.86774e+07	60.000000	5.82388e+07	60.000000	5.8589e+07	60.000000	5.86154e+07	60.000000	5.86165e+07	60.000000	541706    	60.000000	270347    	60.000000	808946    	60.000000	800864    	60.000000	828110    	
65.000000	6.77625e+07	65.000000	6.73429e+07	65.000000	6.76913e+07	65.000000	6.7725e+07	65.000000	6.7723e+07	65.000000	625931    	65.000000	310053    	65.000000	934285    	65.000000	919987    	65.000000	957887    	
70.000000	7.74063e+07	70.000000	7.70153e+07	70.000000	7.73572e+07	70.000000	7.73997e+07	70.000000	7.73939e+07	70.000000	715200    	70.000000	351906    	70.000000	1.06726e+06	70.000000	1.04585e+06	70.000000	1.09586e+06	
75.000000	8.7596e+07	75.000000	8.72427e+07	75.000000	8.75748e+07	75.000000	8.76265e+07	75.000000	8.76164e+07	75.000000	809350    	75.000000	395867    	75.000000	1.20766e+06	75.000000	1.17827e+06	75.000000	1.24186e+06	
80.000000	9.83197e+07	80.000000	9.80124e+07	80.000000	9.83315e+07	80.000000	9.83935e+07	80.000000	9.83782e+07	80.000000	908228    	80.000000	441837    	80.000000	1.35529e+06	80.000000	1.31707e+06	80.000000	1.3957e+06	
85.000000	1.09566e+08	85.000000	1.09312e+08	85.000000	1.09615e+08	85.000000	1.09689e+08	85.000000	1.09668e+08	85.000000	1.01169e+06	85.000000	489765    	85.000000	1.50998e+06	85.000000	1.46208e+06	85.000000	1.55723e+06	
90.000000	1.21324e+08	90.000000	1.2113e+08	90.000000	1.21416e+08	90.000000	1.21502e+08	90.000000	1.21474e+08	90.000000	1.11958e+06	90.000000	539598    	90.000000	1.67153e+06	90.000000	1.61317e+06	90.000000	1.7263e+06	
95.000000	1.33584e+08	95.000000	1.33455e+08	95.000000	1.33722e+08	95.000000	1.33821e+08	95.000000	1.33786e+08	95.000000	1.23177e+06	95.000000	591287    	95.000000	1.83979e+06	95.000000	1.77017e+06	95.000000	1.90274e+06	
100.000000	1.46337e+08	100.000000	1.46277e+08	100.000000	1.46524e+08	100.000000	1.46637e+08	100.000000	1.46595e+08	100.000000	1.34813e+06	100.000000	644784    	100.000000	2.01458e+06	100.000000	1.93295e+06	100.000000	2.08642e+06	
105.000000	1.59572e+08	105.000000	1.59586e+08	105.000000	1.59812e+08	105.000000	1.5994e+08	105.000000	1.59889e+08	105.000000	1.46853e+06	105.000000	700049    	105.000000	2.19574e+06	105.000000	2.10137e+06	105.000000	2.27719e+06	
110.000000	1.73282e+08	110.000000	1.73371e+08	110.000000	1.73577e+08	110.000000	1.7372e+08	110.000000	1.73659e+08	110.000000	1.59284e+06	110.000000	757010    	110.000000	2.38312e+06	110.000000	2.27529e+06	110.000000	2.47492e+06	
115.000000	1.87459e+08	115.000000	1.87623e+08	115.000000	1.87809e+08	115.000000	1.87968e+08	115.000000	1.87898e+08	115.000000	1.72095e+06	115.000000	815609    	115.000000	2.57657e+06	115.000000	2.45462e+06	115.000000	2.67949e+06	
120.000000	2.02093e+08	120.000000	2.02332e+08	120.000000	2.02498e+08	120.000000	2.02676e+08	120.000000	2.02594e+08	120.000000	1.85275e+06	120.000000	875844    	120.000000	2.77595e+06	120.000000	2.6392e+06	120.000000	2.89074e+06	
125.000000	2.17178e+08	125.000000	2.17491e+08	125.000000	2.17638e+08	125.000000	2.17834e+08	125.000000	2.17741e+08	125.000000	1.98811e+06	125.000000	937633    	125.000000	2.9811e+06	125.000000	2.82895e+06	125.000000	3.10858e+06	
130.000000	2.32706e+08	130.000000	2.3309e+08	130.000000	2.33219e+08	130.000000	2.33434e+08	130.000000	2.33329e+08	130.000000	2.12694e+06	130.000000	1.00097e+06	130.000000	3.19191e+06	130.000000	3.02373e+06	130.000000	3.33287e+06	
135.000000	2.4867e+08	135.000000	2.49121e+08	135.000000	2.49234e+08	135.000000	2.49469e+08	135.000000	2.49351e+08	135.000000	2.26912e+06	135.000000	1.06583e+06	135.000000	3.40822e+06	135.000000	3.22346e+06	135.000000	3.56349e+06	
140.000000	2.65063e+08	140.000000	2.65576e+08	140.000000	2.65673e+08	140.000000	2.6593e+08	140.000000	2.65798e+08	140.000000	2.41456e+06	140.000000	1.13212e+06	140.000000	3.62993e+06	140.000000	3.42801e+06	140.000000	3.80034e+06	
145.000000	2.8188e+08	145.000000	2.82447e+08	145.000000	2.82531e+08	145.000000	2.8281e+08	145.000000	2.82664e+08	145.000000	2.56316e+06	145.000000	1.19983e+06	145.000000	3.85689e+06	145.000000	3.6373e+06	145.000000	4.0433e+06	
150.000000	2.99112e+08	150.000000	2.99727e+08	150.000000	2.998e+08 	150.000000	3.00102e+08	150.000000	2.99941e+08	150.000000	2.71482e+06	150.000000	1.26892e+06	150.000000	4.08899e+06	150.000000	3.85122e+06	150.000000	4.29225e+06	
155.000000	3.22793e+08	155.000000	3.17409e+08	155.000000	3.17472e+08	155.000000	3.17798e+08	155.000000	3.17621e+08	155.000000	2.86946e+06	155.000000	1.33936e+06	155.000000	4.32611e+06	155.000000	4.06968e+06	155.000000	4.5471e+06	
160.000000	3.47194e+08	160.000000	3.35484e+08	160.000000	3.35542e+08	160.000000	3.35891e+08	160.000000	3.35698e+08	160.000000	3.02698e+06	160.000000	1.41113e+06	160.000000	4.56813e+06	160.000000	4.29259e+06	160.000000	4.80774e+06	
165.000000	3.721e+08 	165.000000	3.53947e+08	165.000000	3.54e+08  	165.000000	3.54374e+08	165.000000	3.54164e+08	165.000000	3.18729e+06	165.000000	1.48419e+06	165.000000	4.81495e+06	165.000000	4.51986e+06	165.000000	5.07407e+06	
170.000000	3.97502e+08	170.000000	3.72791e+08	170.000000	3.72841e+08	170.000000	3.73242e+08	170.000000	3.73014e+08	170.000000	3.35032e+06	170.000000	1.55852e+06	170.000000	5.06645e+06	170.000000	4.7514e+06	170.000000	5.34599e+06	
175.000000	4.23393e+08	175.000000	3.92008e+08	175.000000	3.92058e+08	175.000000	3.92486e+08	175.000000	3.92241e+08	175.000000	3.51597e+06	175.000000	1.6341e+06	175.000000	5.32252e+06	175.000000	4.98712e+06	175.000000	5.6234e+06	
180.000000	4.49762e+08	180.000000	4.11593e+08	180.000000	4.11646e+08	180.000000	4.12102e+08	180.000000	4.11837e+08	180.000000	3.68418e+06	180.000000	1.71087e+06	180.000000	5.58307e+06	180.000000	5.22696e+06	180.000000	5.90622e+06	
185.000000	4.76604e+08	185.000000	4.31539e+08	185.000000	4.31599e+08	185.000000	4.32082e+08	185.000000	4.31798e+08	185.000000	3.85487e+06	185.000000	1.78878e+06	185.000000	5.84798e+06	185.000000	5.47082e+06	185.000000	6.19433e+06	
190.000000	5.0391e+08	190.000000	4.51841e+08	190.000000	4.5191e+08	190.000000	4.52422e+08	190.000000	4.52117e+08	190.000000	4.02795e+06	190.000000	1.86784e+06	190.000000	6.11717e+06	190.000000	5.71862e+06	190.000000	6.48766e+06	
195.000000	5.31672e+08	195.000000	4.72492e+08	195.000000	4.72573e+08	195.000000	4.73114e+08	195.000000	4.72789e+08	195.000000	4.20336e+06	195.000000	1.94805e+06	195.000000	6.39053e+06	195.000000	5.9703e+06	195.000000	6.78611e+06	
200.000000	5.59883e+08	200.000000	4.93487e+08	200.000000	4.93582e+08	200.000000	4.94153e+08	200.000000	4.93806e+08	200.000000	4.38102e+06	200.000000	2.02934e+06	200.000000	6.66798e+06	200.000000	6.22578e+06	200.000000	7.08961e+06	
210.000000	6.17624e+08	210.000000	5.36485e+08	210.000000	5.36614e+08	210.000000	5.37251e+08	210.000000	5.36859e+08	210.000000	4.74285e+06	210.000000	2.19504e+06	210.000000	7.23475e+06	210.000000	6.74784e+06	210.000000	7.71137e+06	
220.000000	6.77078e+08	220.000000	5.80793e+08	220.000000	5.80968e+08	220.000000	5.81672e+08	220.000000	5.81232e+08	220.000000	5.11291e+06	220.000000	2.36486e+06	220.000000	7.81678e+06	220.000000	7.28423e+06	220.000000	8.35228e+06	
230.000000	7.38194e+08	230.000000	6.26368e+08	230.000000	6.26602e+08	230.000000	6.27373e+08	230.000000	6.26884e+08	230.000000	5.4907e+06	230.000000	2.53872e+06	230.000000	8.41338e+06	230.000000	7.83445e+06	230.000000	9.0117e+06	
240.000000	8.00921e+08	240.000000	6.73172e+08	240.000000	6.73474e+08	240.000000	6.74316e+08	240.000000	6.73775e+08	240.000000	5.87575e+06	240.000000	2.71631e+06	240.000000	9.02392e+06	240.000000	8.39796e+06	240.000000	9.68903e+06	
250.000000	8.65213e+08	250.000000	7.21166e+08	250.000000	7.21543e+08	250.000000	7.22462e+08	250.000000	7.21866e+08	250.000000	6.26761e+06	250.000000	2.89751e+06	250.000000	9.64778e+06	250.000000	8.9743e+06	250.000000	1.03837e+07	
260.000000	9.31023e+08	260.000000	7.70315e+08	260.000000	7.70777e+08	260.000000	7.71774e+08	260.000000	7.71122e+08	260.000000	6.66587e+06	260.000000	3.08219e+06	260.000000	1.02844e+07	260.000000	9.56298e+06	260.000000	1.10951e+07	
270.000000	9.98309e+08	270.000000	8.20585e+08	270.000000	8.21141e+08	270.000000	8.22218e+08	270.000000	8.21506e+08	270.000000	7.07013e+06	270.000000	3.27023e+06	270.000000	1.09332e+07	270.000000	1.01636e+07	270.000000	1.18227e+07	
280.000000	1.06703e+09	280.000000	8.71941e+08	280.000000	8.72602e+08	280.000000	8.73759e+08	280.000000	8.72986e+08	280.000000	7.48e+06  	280.000000	3.46135e+06	280.000000	1.15936e+07	280.000000	1.07756e+07	280.000000	1.25659e+07	
290.000000	1.13714e+09	290.000000	9.24353e+08	290.000000	9.25123e+08	290.000000	9.26365e+08	290.000000	9.25528e+08	290.000000	7.89513e+06	290.000000	3.6555e+06	290.000000	1.22651e+07	290.000000	1.13988e+07	290.000000	1.33244e+07	
300.000000	1.20862e+09	300.000000	9.7779e+08	300.000000	9.78673e+08	300.000000	9.80005e+08	300.000000	9.79102e+08	300.000000	8.31519e+06	300.000000	3.85265e+06	300.000000	1.29473e+07	300.000000	1.20326e+07	300.000000	1.40975e+07	
310.000000	1.28141e+09	310.000000	1.03222e+09	310.000000	1.03322e+09	310.000000	1.03465e+09	310.000000	1.03368e+09	310.000000	8.73984e+06	310.000000	4.05255e+06	310.000000	1.36396e+07	310.000000	1.26767e+07	310.000000	1.48849e+07	
320.000000	1.35548e+09	320.000000	1.08762e+09	320.000000	1.08875e+09	320.000000	1.09027e+09	320.000000	1.08923e+09	320.000000	9.16879e+06	320.000000	4.2552e+06	320.000000	1.43417e+07	320.000000	1.33307e+07	320.000000	1.5686e+07	
330.000000	1.43081e+09	330.000000	1.14396e+09	330.000000	1.14522e+09	330.000000	1.14683e+09	330.000000	1.14572e+09	330.000000	9.60174e+06	330.000000	4.46057e+06	330.000000	1.5053e+07	330.000000	1.39944e+07	330.000000	1.65004e+07	
340.000000	1.50736e+09	340.000000	1.20122e+09	340.000000	1.20261e+09	340.000000	1.20431e+09	340.000000	1.20313e+09	340.000000	1.00384e+07	340.000000	4.66841e+06	340.000000	1.57732e+07	340.000000	1.46673e+07	340.000000	1.73277e+07	
350.000000	1.58509e+09	350.000000	1.25936e+09	350.000000	1.26089e+09	350.000000	1.26269e+09	350.000000	1.26143e+09	350.000000	1.04786e+07	350.000000	4.87861e+06	350.000000	1.65019e+07	350.000000	1.5349e+07	350.000000	1.81675e+07	
360.000000	1.66398e+09	360.000000	1.31837e+09	360.000000	1.32003e+09	360.000000	1.32194e+09	360.000000	1.3206e+09	360.000000	1.09219e+07	360.000000	5.09115e+06	360.000000	1.72387e+07	360.000000	1.60395e+07	360.000000	1.90193e+07	
370.000000	1.744e+09 	370.000000	1.37823e+09	370.000000	1.38002e+09	370.000000	1.38203e+09	370.000000	1.38061e+09	370.000000	1.13683e+07	370.000000	5.30609e+06	370.000000	1.79832e+07	370.000000	1.67382e+07	370.000000	1.98829e+07	
380.000000	1.82512e+09	380.000000	1.4389e+09	380.000000	1.44082e+09	380.000000	1.44294e+09	380.000000	1.44144e+09	380.000000	1.18175e+07	380.000000	5.52333e+06	380.000000	1.87351e+07	380.000000	1.74449e+07	380.000000	2.07578e+07	
390.000000	1.9073e+09	390.000000	1.50037e+09	390.000000	1.50243e+09	390.000000	1.50465e+09	390.000000	1.50307e+09	390.000000	1.22692e+07	390.000000	5.74268e+06	390.000000	1.94941e+07	390.000000	1.81594e+07	390.000000	2.16438e+07	
400.000000	1.99054e+09	400.000000	1.56261e+09	400.000000	1.56481e+09	400.000000	1.56714e+09	400.000000	1.56548e+09	400.000000	1.27232e+07	400.000000	5.96406e+06	400.000000	2.02599e+07	400.000000	1.88814e+07	400.000000	2.25403e+07	
410.000000	2.07479e+09	410.000000	1.62561e+09	410.000000	1.62794e+09	410.000000	1.63039e+09	410.000000	1.62864e+09	410.000000	1.31795e+07	410.000000	6.18744e+06	410.000000	2.1032e+07	410.000000	1.96106e+07	410.000000	2.34471e+07	
420.000000	2.16004e+09	420.000000	1.68935e+09	420.000000	1.69182e+09	420.000000	1.69437e+09	420.000000	1.69253e+09	420.000000	1.36377e+07	420.000000	6.41266e+06	420.000000	2.18104e+07	420.000000	2.03468e+07	420.000000	2.4364e+07	
430.000000	2.24626e+09	430.000000	1.75381e+09	430.000000	1.7564e+09	430.000000	1.75907e+09	430.000000	1.75714e+09	430.000000	1.40978e+07	430.000000	6.63959e+06	430.000000	2.25945e+07	430.000000	2.10897e+07	430.000000	2.52904e+07	
440.000000	2.33343e+09	440.000000	1.81897e+09	440.000000	1.82167e+09	440.000000	1.82447e+09	440.000000	1.82244e+09	440.000000	1.45595e+07	440.000000	6.86822e+06	440.000000	2.33843e+07	440.000000	2.18391e+07	440.000000	2.62263e+07	
450.000000	2.42152e+09	450.000000	1.8848e+09	450.000000	1.88763e+09	450.000000	1.89054e+09	450.000000	1.88843e+09	450.000000	1.50227e+07	450.000000	7.0986e+06	450.000000	2.41793e+07	450.000000	2.25948e+07	450.000000	2.71712e+07	
460.000000	2.51051e+09	460.000000	1.95131e+09	460.000000	1.95424e+09	460.000000	1.95728e+09	460.000000	1.95507e+09	460.000000	1.54872e+07	460.000000	7.33073e+06	460.000000	2.49795e+07	460.000000	2.33565e+07	460.000000	2.81248e+07	
470.000000	2.60039e+09	470.000000	2.01846e+09	470.000000	2.0215e+09	470.000000	2.02466e+09	470.000000	2.02235e+09	470.000000	1.5953e+07	470.000000	7.56456e+06	470.000000	2.57844e+07	470.000000	2.41241e+07	470.000000	2.9087e+07	
480.000000	2.69113e+09	480.000000	2.08624e+09	480.000000	2.08938e+09	480.000000	2.09267e+09	480.000000	2.09026e+09	480.000000	1.64198e+07	480.000000	7.79997e+06	480.000000	2.6594e+07	480.000000	2.48972e+07	480.000000	3.00574e+07	
490.000000	2.78271e+09	490.000000	2.15464e+09	490.000000	2.15788e+09	490.000000	2.16128e+09	490.000000	2.15878e+09	490.000000	1.68876e+07	490.000000	8.03682e+06	490.000000	2.74079e+07	490.000000	2.56759e+07	490.000000	3.10358e+07	
500.000000	2.87511e+09	500.000000	2.22364e+09	500.000000	2.22697e+09	500.000000	2.2305e+09	500.000000	2.2279e+09	500.000000	1.73561e+07	500.000000	8.27506e+06	500.000000	2.8226e+07	500.000000	2.64597e+07	500.000000	3.20218e+07	
520.000000	3.06231e+09	520.000000	2.36338e+09	520.000000	2.36686e+09	520.000000	2.37065e+09	520.000000	2.36784e+09	520.000000	1.82953e+07	520.000000	8.75581e+06	520.000000	2.98738e+07	520.000000	2.80425e+07	520.000000	3.40161e+07	
540.000000	3.25257e+09	540.000000	2.50536e+09	540.000000	2.50894e+09	540.000000	2.513e+09 	540.000000	2.50999e+09	540.000000	1.92365e+07	540.000000	9.24216e+06	540.000000	3.15358e+07	540.000000	2.9644e+07	540.000000	3.60384e+07	
560.000000	3.44576e+09	560.000000	2.64946e+09	560.000000	2.65312e+09	560.000000	2.65745e+09	560.000000	2.65422e+09	560.000000	2.01788e+07	560.000000	9.73343e+06	560.000000	3.32106e+07	560.000000	3.12631e+07	560.000000	3.8087e+07	
580.000000	3.64174e+09	580.000000	2.79559e+09	580.000000	2.79928e+09	580.000000	2.80389e+09	580.000000	2.80045e+09	580.000000	2.11216e+07	580.000000	1.02293e+07	580.000000	3.48969e+07	580.000000	3.28985e+07	580.000000	4.01601e+07	
600.000000	3.84041e+09	600.000000	2.94365e+09	600.000000	2.94733e+09	600.000000	2.95222e+09	600.000000	2.94856e+09	600.000000	2.20643e+07	600.000000	1.07295e+07	600.000000	3.65933e+07	600.000000	3.45489e+07	600.000000	4.22562e+07	
620.000000	4.04162e+09	620.000000	3.09356e+09	620.000000	3.09719e+09	620.000000	3.10236e+09	620.000000	3.09846e+09	620.000000	2.30062e+07	620.000000	1.12339e+07	620.000000	3.82988e+07	620.000000	3.62134e+07	620.000000	4.43739e+07	
640.000000	4.24528e+09	640.000000	3.24522e+09	640.000000	3.24875e+09	640.000000	3.25421e+09	640.000000	3.25008e+09	640.000000	2.39469e+07	640.000000	1.17424e+07	640.000000	4.00123e+07	640.000000	3.78909e+07	640.000000	4.65117e+07	
660.000000	4.45128e+09	660.000000	3.39856e+09	660.000000	3.40193e+09	660.000000	3.40769e+09	660.000000	3.40333e+09	660.000000	2.4886e+07	660.000000	1.22546e+07	660.000000	4.17327e+07	660.000000	3.95804e+07	660.000000	4.86683e+07	
680.000000	4.65951e+09	680.000000	3.5535e+09	680.000000	3.55667e+09	680.000000	3.56273e+09	680.000000	3.55813e+09	680.000000	2.58229e+07	680.000000	1.27704e+07	680.000000	4.34592e+07	680.000000	4.1281e+07	680.000000	5.08424e+07	
700.000000	4.86988e+09	700.000000	3.70997e+09	700.000000	3.71288e+09	700.000000	3.71925e+09	700.000000	3.71441e+09	700.000000	2.67573e+07	700.000000	1.32898e+07	700.000000	4.51909e+07	700.000000	4.29918e+07	700.000000	5.3033e+07	
720.000000	5.08229e+09	720.000000	3.86791e+09	720.000000	3.87051e+09	720.000000	3.87719e+09	720.000000	3.8721e+09	720.000000	2.76889e+07	720.000000	1.38124e+07	720.000000	4.69271e+07	720.000000	4.47122e+07	720.000000	5.52389e+07	
740.000000	5.29666e+09	740.000000	4.02723e+09	740.000000	4.02949e+09	740.000000	4.03648e+09	740.000000	4.03114e+09	740.000000	2.86173e+07	740.000000	1.43382e+07	740.000000	4.86668e+07	740.000000	4.64412e+07	740.000000	5.7459e+07	
760.000000	5.5129e+09	760.000000	4.18789e+09	760.000000	4.18975e+09	760.000000	4.19705e+09	760.000000	4.19146e+09	760.000000	2.95423e+07	760.000000	1.48671e+07	760.000000	5.04096e+07	760.000000	4.81782e+07	760.000000	5.96923e+07	
780.000000	5.73092e+09	780.000000	4.34982e+09	780.000000	4.35124e+09	780.000000	4.35885e+09	780.000000	4.35301e+09	780.000000	3.04637e+07	780.000000	1.53989e+07	780.000000	5.21547e+07	780.000000	4.99225e+07	780.000000	6.1938e+07	
800.000000	5.95066e+09	800.000000	4.51297e+09	800.000000	4.51389e+09	800.000000	4.52182e+09	800.000000	4.51572e+09	800.000000	3.13812e+07	800.000000	1.59335e+07	800.000000	5.39015e+07	800.000000	5.16735e+07	800.000000	6.41951e+07	
820.000000	6.17204e+09	820.000000	4.67729e+09	820.000000	4.67766e+09	820.000000	4.68591e+09	820.000000	4.67955e+09	820.000000	3.22946e+07	820.000000	1.64703e+07	820.000000	5.56496e+07	820.000000	5.34305e+07	820.000000	6.64628e+07	
840.000000	6.39498e+09	840.000000	4.84271e+09	840.000000	4.84248e+09	840.000000	4.85107e+09	840.000000	4.84444e+09	840.000000	3.32037e+07	840.000000	1.70095e+07	840.000000	5.73983e+07	840.000000	5.51931e+07	840.000000	6.87402e+07	
860.000000	6.61942e+09	860.000000	5.0092e+09	860.000000	5.00833e+09	860.000000	5.01724e+09	860.000000	5.01036e+09	860.000000	3.41085e+07	860.000000	1.7551e+07	860.000000	5.91473e+07	860.000000	5.69606e+07	860.000000	7.10267e+07	
880.000000	6.8453e+09	880.000000	5.17671e+09	880.000000	5.17514e+09	880.000000	5.1844e+09	880.000000	5.17724e+09	880.000000	3.50087e+07	880.000000	1.80951e+07	880.000000	6.08959e+07	880.000000	5.87326e+07	880.000000	7.33215e+07	
900.000000	7.07254e+09	900.000000	5.34518e+09	900.000000	5.34289e+09	900.000000	5.35248e+09	900.000000	5.34506e+09	900.000000	3.59043e+07	900.000000	1.86414e+07	900.000000	6.2644e+07	900.000000	6.05085e+07	900.000000	7.56239e+07	
920.000000	7.30108e+09	920.000000	5.51459e+09	920.000000	5.51153e+09	920.000000	5.52146e+09	920.000000	5.51376e+09	920.000000	3.67951e+07	920.000000	1.91898e+07	920.000000	6.4391e+07	920.000000	6.2288e+07	920.000000	7.79333e+07	
940.000000	7.53088e+09	940.000000	5.68488e+09	940.000000	5.68101e+09	940.000000	5.69128e+09	940.000000	5.68331e+09	940.000000	3.7681e+07	940.000000	1.97401e+07	940.000000	6.61366e+07	940.000000	6.40706e+07	940.000000	8.02492e+07	
960.000000	7.76187e+09	960.000000	5.85602e+09	960.000000	5.85131e+09	960.000000	5.86192e+09	960.000000	5.85368e+09	960.000000	3.85621e+07	960.000000	2.02923e+07	960.000000	6.78805e+07	960.000000	6.5856e+07	960.000000	8.25708e+07	
980.000000	7.99399e+09	980.000000	6.02797e+09	980.000000	6.02239e+09	980.000000	6.03334e+09	980.000000	6.02482e+09	980.000000	3.94381e+07	980.000000	2.08463e+07	980.000000	6.96224e+07	980.000000	6.76436e+07	980.000000	8.48976e+07	
1000.000000	8.22721e+09	1000.000000	6.2007e+09	1000.000000	6.19421e+09	1000.000000	6.2055e+09	1000.000000	6.1967e+09	1000.000000	4.03091e+07	1000.000000	2.14024e+07	1000.000000	7.13619e+07	1000.000000	6.94332e+07	1000.000000	8.72292e+07	
1020.000000	8.46146e+09	1020.000000	6.37417e+09	1020.000000	6.36674e+09	1020.000000	6.37837e+09	1020.000000	6.36929e+09	1020.000000	4.1175e+07	1020.000000	2.19605e+07	1020.000000	7.30989e+07	1020.000000	7.12244e+07	1020.000000	8.95651e+07	
1040.000000	8.6967e+09	1040.000000	6.54834e+09	1040.000000	6.53995e+09	1040.000000	6.55193e+09	1040.000000	6.54256e+09	1040.000000	4.20358e+07	1040.000000	2.25204e+07	1040.000000	7.4833e+07	1040.000000	7.30169e+07	1040.000000	9.19047e+07	
1060.000000	8.93289e+09	1060.000000	6.72319e+09	1060.000000	6.71381e+09	1060.000000	6.72613e+09	1060.000000	6.71648e+09	1060.000000	4.28914e+07	1060.000000	2.3082e+07	1060.000000	7.65641e+07	1060.000000	7.48104e+07	1060.000000	9.42476e+07	
1080.000000	9.16997e+09	1080.000000	6.89869e+09	1080.000000	6.8883e+09	1080.000000	6.90096e+09	1080.000000	6.89103e+09	1080.000000	4.37418e+07	1080.000000	2.36452e+07	1080.000000	7.82919e+07	1080.000000	7.66045e+07	1080.000000	9.65934e+07	
1100.000000	9.4079e+09	1100.000000	7.0748e+09	1100.000000	7.06338e+09	1100.000000	7.07639e+09	1100.000000	7.06616e+09	1100.000000	4.4587e+07	1100.000000	2.42098e+07	1100.000000	8.00162e+07	1100.000000	7.83992e+07	1100.000000	9.89417e+07	
1120.000000	9.64665e+09	1120.000000	7.2515e+09	1120.000000	7.23903e+09	1120.000000	7.25238e+09	1120.000000	7.24187e+09	1120.000000	4.5427e+07	1120.000000	2.47759e+07	1120.000000	8.17369e+07	1120.000000	8.0194e+07	1120.000000	1.01292e+08	
1140.000000	9.88617e+09	1140.000000	7.42876e+09	1140.000000	7.41522e+09	1140.000000	7.42892e+09	1140.000000	7.41812e+09	1140.000000	4.62619e+07	1140.000000	2.53434e+07	1140.000000	8.34537e+07	1140.000000	8.19887e+07	1140.000000	1.03644e+08	
1160.000000	1.01264e+10	1160.000000	7.60655e+09	1160.000000	7.59193e+09	1160.000000	7.60599e+09	1160.000000	7.5949e+09	1160.000000	4.70915e+07	1160.000000	2.59122e+07	1160.000000	8.51666e+07	1160.000000	8.37831e+07	1160.000000	1.05998e+08	
1180.000000	1.03674e+10	1180.000000	7.78486e+09	1180.000000	7.76914e+09	1180.000000	7.78355e+09	1180.000000	7.77217e+09	1180.000000	4.79159e+07	1180.000000	2.64825e+07	1180.000000	8.68754e+07	1180.000000	8.55769e+07	1180.000000	1.08353e+08	
1200.000000	1.0609e+10	1200.000000	7.96365e+09	1200.000000	7.94682e+09	1200.000000	7.96159e+09	1200.000000	7.94992e+09	1200.000000	4.87351e+07	1200.000000	2.70541e+07	1200.000000	8.85799e+07	1200.000000	8.737e+07 	1200.000000	1.10708e+08	
1220.000000	1.08512e+10	1220.000000	8.1429e+09	1220.000000	8.12495e+09	1220.000000	8.14009e+09	1220.000000	8.12812e+09	1220.000000	4.95491e+07	1220.000000	2.76271e+07	1220.000000	9.028e+07 	1220.000000	8.91622e+07	1220.000000	1.13064e+08	
1240.000000	1.10941e+10	1240.000000	8.32259e+09	1240.000000	8.30353e+09	1240.000000	8.31902e+09	1240.000000	8.30676e+09	1240.000000	5.0358e+07	1240.000000	2.82013e+07	1240.000000	9.19756e+07	1240.000000	9.09533e+07	1240.000000	1.1542e+08	
1260.000000	1.13375e+10	1260.000000	8.5027e+09	1260.000000	8.48251e+09	1260.000000	8.49838e+09	1260.000000	8.48582e+09	1260.000000	5.11617e+07	1260.000000	2.87768e+07	1260.000000	9.36667e+07	1260.000000	9.27431e+07	1260.000000	1.17776e+08	
1280.000000	1.15814e+10	1280.000000	8.68321e+09	1280.000000	8.66191e+09	1280.000000	8.67814e+09	1280.000000	8.66528e+09	1280.000000	5.19604e+07	1280.000000	2.93535e+07	1280.000000	9.5353e+07	1280.000000	9.45314e+07	1280.000000	1.20132e+08	
1300.000000	1.18258e+10	1300.000000	8.86409e+09	1300.000000	8.84168e+09	1300.000000	8.85828e+09	1300.000000	8.84512e+09	1300.000000	5.27539e+07	1300.000000	2.99315e+07	1300.000000	9.70346e+07	1300.000000	9.6318e+07	1300.000000	1.22487e+08	
1320.000000	1.20707e+10	1320.000000	9.04534e+09	1320.000000	9.02182e+09	1320.000000	9.03878e+09	1320.000000	9.02533e+09	1320.000000	5.35423e+07	1320.000000	3.05106e+07	1320.000000	9.87113e+07	1320.000000	9.81029e+07	1320.000000	1.24841e+08	
1340.000000	1.2316e+10	1340.000000	9.22692e+09	1340.000000	9.20231e+09	1340.000000	9.21964e+09	1340.000000	9.20589e+09	1340.000000	5.43258e+07	1340.000000	3.1091e+07	1340.000000	1.00383e+08	1340.000000	9.98859e+07	1340.000000	1.27194e+08	
1360.000000	1.25617e+10	1360.000000	9.40883e+09	1360.000000	9.38314e+09	1360.000000	9.40083e+09	1360.000000	9.38678e+09	1360.000000	5.51042e+07	1360.000000	3.16724e+07	1360.000000	1.0205e+08	1360.000000	1.01667e+08	1360.000000	1.29546e+08	
1380.000000	1.28079e+10	1380.000000	9.59104e+09	1380.000000	9.56429e+09	1380.000000	9.58234e+09	1380.000000	9.568e+09 	1380.000000	5.58777e+07	1380.000000	3.2255e+07	1380.000000	1.03712e+08	1380.000000	1.03446e+08	1380.000000	1.31897e+08	
1400.000000	1.30543e+10	1400.000000	9.77354e+09	1400.000000	9.74575e+09	1400.000000	9.76416e+09	1400.000000	9.74952e+09	1400.000000	5.66462e+07	1400.000000	3.28388e+07	1400.000000	1.05368e+08	1400.000000	1.05222e+08	1400.000000	1.34246e+08	
1420.000000	1.33012e+10	1420.000000	9.95631e+09	1420.000000	9.92749e+09	1420.000000	9.94628e+09	1420.000000	9.93133e+09	1420.000000	5.74098e+07	1420.000000	3.34236e+07	1420.000000	1.0702e+08	1420.000000	1.06996e+08	1420.000000	1.36593e+08	
1440.000000	1.35483e+10	1440.000000	1.01393e+10	1440.000000	1.01095e+10	1440.000000	1.01287e+10	1440.000000	1.01134e+10	1440.000000	5.81686e+07	1440.000000	3.40095e+07	1440.000000	1.08666e+08	1440.000000	1.08768e+08	1440.000000	1.38939e+08	
1460.000000	1.37957e+10	1460.000000	1.03226e+10	1460.000000	1.02918e+10	1460.000000	1.03113e+10	1460.000000	1.02958e+10	1460.000000	5.89225e+07	1460.000000	3.45965e+07	1460.000000	1.10307e+08	1460.000000	1.10537e+08	1460.000000	1.41282e+08	
1480.000000	1.40434e+10	1480.000000	1.05061e+10	1480.000000	1.04744e+10	1480.000000	1.04942e+10	1480.000000	1.04784e+10	1480.000000	5.96717e+07	1480.000000	3.51845e+07	1480.000000	1.11943e+08	1480.000000	1.12303e+08	1480.000000	1.43622e+08	
1500.000000	1.42913e+10	1500.000000	1.06898e+10	1500.000000	1.06572e+10	1500.000000	1.06774e+10	1500.000000	1.06612e+10	1500.000000	6.04161e+07	1500.000000	3.57735e+07	1500.000000	1.13573e+08	1500.000000	1.14066e+08	1500.000000	1.45961e+08	
1520.000000	1.45395e+10	1520.000000	1.08737e+10	1520.000000	1.08402e+10	1520.000000	1.08608e+10	1520.000000	1.08443e+10	1520.000000	6.11558e+07	1520.000000	3.63635e+07	1520.000000	1.15198e+08	1520.000000	1.15827e+08	1520.000000	1.48297e+08	
1540.000000	1.47878e+10	1540.000000	1.10578e+10	1540.000000	1.10234e+10	1540.000000	1.10444e+10	1540.000000	1.10276e+10	1540.000000	6.18909e+07	1540.000000	3.69546e+07	1540.000000	1.16818e+08	1540.000000	1.17584e+08	1540.000000	1.5063e+08	
1560.000000	1.50363e+10	1560.000000	1.12421e+10	1560.000000	1.12069e+10	1560.000000	1.12282e+10	1560.000000	1.12112e+10	1560.000000	6.26213e+07	1560.000000	3.75466e+07	1560.000000	1.18433e+08	1560.000000	1.19339e+08	1560.000000	1.5296e+08	
1580.000000	1.5285e+10	1580.000000	1.14265e+10	1580.000000	1.13906e+10	1580.000000	1.14123e+10	1580.000000	1.13949e+10	1580.000000	6.33472e+07	1580.000000	3.81397e+07	1580.000000	1.20042e+08	1580.000000	1.2109e+08	1580.000000	1.55288e+08	
1600.000000	1.55339e+10	1600.000000	1.16111e+10	1600.000000	1.15744e+10	1600.000000	1.15965e+10	1600.000000	1.15788e+10	1600.000000	6.40685e+07	1600.000000	3.87337e+07	1600.000000	1.21645e+08	1600.000000	1.22838e+08	1600.000000	1.57612e+08	
1620.000000	1.57829e+10	1620.000000	1.17959e+10	1620.000000	1.17585e+10	1620.000000	1.17809e+10	1620.000000	1.17629e+10	1620.000000	6.47853e+07	1620.000000	3.93287e+07	1620.000000	1.23243e+08	1620.000000	1.24583e+08	1620.000000	1.59933e+08	
1640.000000	1.60319e+10	1640.000000	1.19807e+10	1640.000000	1.19427e+10	1640.000000	1.19655e+10	1640.000000	1.19472e+10	1640.000000	6.54977e+07	1640.000000	3.99247e+07	1640.000000	1.24836e+08	1640.000000	1.26325e+08	1640.000000	1.62251e+08	
1660.000000	1.62811e+10	1660.000000	1.21657e+10	1660.000000	1.21271e+10	1660.000000	1.21502e+10	1660.000000	1.21316e+10	1660.000000	6.62057e+07	1660.000000	4.05216e+07	1660.000000	1.26424e+08	1660.000000	1.28063e+08	1660.000000	1.64566e+08	
1680.000000	1.65303e+10	1680.000000	1.23507e+10	1680.000000	1.23116e+10	1680.000000	1.23351e+10	1680.000000	1.23162e+10	1680.000000	6.69093e+07	1680.000000	4.11195e+07	1680.000000	1.28006e+08	1680.000000	1.29798e+08	1680.000000	1.66877e+08	
1700.000000	1.67796e+10	1700.000000	1.25359e+10	1700.000000	1.24963e+10	1700.000000	1.25202e+10	1700.000000	1.25009e+10	1700.000000	6.76086e+07	1700.000000	4.17184e+07	1700.000000	1.29582e+08	1700.000000	1.31529e+08	1700.000000	1.69184e+08	
1750.000000	1.7403e+10	1750.000000	1.29992e+10	1750.000000	1.29586e+10	1750.000000	1.29834e+10	1750.000000	1.29634e+10	1750.000000	6.93381e+07	1750.000000	4.32194e+07	1750.000000	1.335e+08 	1750.000000	1.35842e+08	1750.000000	1.74937e+08	
1800.000000	1.80265e+10	1800.000000	1.34629e+10	1800.000000	1.34216e+10	1800.000000	1.34474e+10	1800.000000	1.34267e+10	1800.000000	7.10416e+07	1800.000000	4.47259e+07	1800.000000	1.37384e+08	1800.000000	1.40132e+08	1800.000000	1.80667e+08	
1850.000000	1.86498e+10	1850.000000	1.39269e+10	1850.000000	1.38854e+10	1850.000000	1.39121e+10	1850.000000	1.38906e+10	1850.000000	7.27197e+07	1850.000000	4.62374e+07	1850.000000	1.41234e+08	1850.000000	1.444e+08 	1850.000000	1.86371e+08	
1900.000000	1.92727e+10	1900.000000	1.4391e+10	1900.000000	1.43497e+10	1900.000000	1.43774e+10	1900.000000	1.43551e+10	1900.000000	7.4373e+07	1900.000000	4.77537e+07	1900.000000	1.45051e+08	1900.000000	1.48643e+08	1900.000000	1.9205e+08	
1950.000000	1.98951e+10	1950.000000	1.48551e+10	1950.000000	1.48145e+10	1950.000000	1.48431e+10	1950.000000	1.48201e+10	1950.000000	7.60022e+07	1950.000000	4.92746e+07	1950.000000	1.48834e+08	1950.000000	1.52863e+08	1950.000000	1.97703e+08	
2000.000000	2.05167e+10	2000.000000	1.53192e+10	2000.000000	1.52798e+10	2000.000000	1.53093e+10	2000.000000	1.52855e+10	2000.000000	7.76079e+07	2000.000000	5.08001e+07	2000.000000	1.52585e+08	2000.000000	1.57058e+08	2000.000000	2.03329e+08	
2100.000000	2.17573e+10	2100.000000	1.62468e+10	2100.000000	1.62113e+10	2100.000000	1.62427e+10	2100.000000	1.62173e+10	2100.000000	8.07511e+07	2100.000000	5.38652e+07	2100.000000	1.59989e+08	2100.000000	1.65375e+08	2100.000000	2.14498e+08	
2200.000000	2.29933e+10	2200.000000	1.71731e+10	2200.000000	1.71437e+10	2200.000000	1.7177e+10	2200.000000	1.71501e+10	2200.000000	8.38076e+07	2200.000000	5.69498e+07	2200.000000	1.67265e+08	2200.000000	1.73594e+08	2200.000000	2.25553e+08	
2300.000000	2.42237e+10	2300.000000	1.80974e+10	2300.000000	1.80767e+10	2300.000000	1.81118e+10	2300.000000	1.80834e+10	2300.000000	8.67816e+07	2300.000000	6.00539e+07	2300.000000	1.74417e+08	2300.000000	1.81712e+08	2300.000000	2.36493e+08	
2400.000000	2.54477e+10	2400.000000	1.90193e+10	2400.000000	1.90098e+10	2400.000000	1.90468e+10	2400.000000	1.90168e+10	2400.000000	8.96776e+07	2400.000000	6.3177e+07	2400.000000	1.81449e+08	2400.000000	1.89731e+08	2400.000000	2.47316e+08	
2500.000000	2.66647e+10	2500.000000	1.99383e+10	2500.000000	1.99427e+10	2500.000000	1.99815e+10	2500.000000	1.995e+10 	2500.000000	9.24993e+07	2500.000000	6.63182e+07	2500.000000	1.88362e+08	2500.000000	1.9765e+08	2500.000000	2.58021e+08	
2600.000000	2.78739e+10	2600.000000	2.0854e+10	2600.000000	2.08753e+10	2600.000000	2.09159e+10	2600.000000	2.08829e+10	2600.000000	9.52507e+07	2600.000000	6.94765e+07	2600.000000	1.95161e+08	2600.000000	2.05472e+08	2600.000000	2.68609e+08	
2700.000000	2.9075e+10	2700.000000	2.17662e+10	2700.000000	2.18072e+10	2700.000000	2.18497e+10	2700.000000	2.18151e+10	2700.000000	9.79351e+07	2700.000000	7.26515e+07	2700.000000	2.0185e+08	2700.000000	2.13196e+08	2700.000000	2.7908e+08	
2800.000000	3.02673e+10	2800.000000	2.26745e+10	2800.000000	2.27384e+10	2800.000000	2.27826e+10	2800.000000	2.27465e+10	2800.000000	1.00556e+08	2800.000000	7.58427e+07	2800.000000	2.08431e+08	2800.000000	2.20824e+08	2800.000000	2.89435e+08	
2900.000000	3.14507e+10	2900.000000	2.35787e+10	2900.000000	2.36686e+10	2900.000000	2.37146e+10	2900.000000	2.3677e+10	2900.000000	1.03116e+08	2900.000000	7.905e+07 	2900.000000	2.14908e+08	2900.000000	2.28358e+08	2900.000000	2.99675e+08	
3000.000000	3.26247e+10	3000.000000	2.44787e+10	3000.000000	2.45977e+10	3000.000000	2.46455e+10	3000.000000	2.46064e+10	3000.000000	1.05619e+08	3000.000000	8.22731e+07	3000.000000	2.21284e+08	3000.000000	2.35799e+08	3000.000000	3.09802e+08	
3200.000000	3.49437e+10	3200.000000	2.6265e+10	3200.000000	2.64522e+10	3200.000000	2.65036e+10	3200.000000	2.64615e+10	3200.000000	1.10461e+08	3200.000000	8.87665e+07	3200.000000	2.33747e+08	3200.000000	2.5041e+08	3200.000000	3.29719e+08	
3400.000000	3.72228e+10	3400.000000	2.80324e+10	3400.000000	2.83013e+10	3400.000000	2.83562e+10	3400.000000	2.83112e+10	3400.000000	1.15103e+08	3400.000000	9.53227e+07	3400.000000	2.45843e+08	3400.000000	2.64669e+08	3400.000000	3.49201e+08	
3600.000000	3.9461e+10	3600.000000	2.978e+10 	3600.000000	3.01444e+10	3600.000000	3.0203e+10	3600.000000	3.0155e+10	3600.000000	1.19562e+08	3600.000000	1.01942e+08	3600.000000	2.57595e+08	3600.000000	2.78593e+08	3600.000000	3.68263e+08	
3800.000000	4.16578e+10	3800.000000	3.15075e+10	3800.000000	3.19813e+10	3800.000000	3.20435e+10	3800.000000	3.19926e+10	3800.000000	1.23853e+08	3800.000000	1.08623e+08	3800.000000	2.69024e+08	3800.000000	2.92195e+08	3800.000000	3.8692e+08	
4000.000000	4.38129e+10	4000.000000	3.32145e+10	4000.000000	3.38118e+10	4000.000000	3.38775e+10	4000.000000	3.38237e+10	4000.000000	1.27989e+08	4000.000000	1.15367e+08	4000.000000	2.8015e+08	4000.000000	3.05489e+08	4000.000000	4.05188e+08	
4200.000000	4.59264e+10	4200.000000	3.49007e+10	4200.000000	3.56357e+10	4200.000000	3.57049e+10	4200.000000	3.56483e+10	4200.000000	1.31982e+08	4200.000000	1.22173e+08	4200.000000	2.90988e+08	4200.000000	3.18488e+08	4200.000000	4.23081e+08	
4400.000000	4.79987e+10	4400.000000	3.65663e+10	4400.000000	3.7453e+10	4400.000000	3.75257e+10	4400.000000	3.74662e+10	4400.000000	1.35844e+08	4400.000000	1.29039e+08	4400.000000	3.01558e+08	4400.000000	3.31206e+08	4400.000000	4.40616e+08	
4600.000000	5.003e+10 	4600.000000	3.82112e+10	4600.000000	3.92637e+10	4600.000000	3.93399e+10	4600.000000	3.92776e+10	4600.000000	1.39583e+08	4600.000000	1.35966e+08	4600.000000	3.11872e+08	4600.000000	3.43655e+08	4600.000000	4.57807e+08	
4800.000000	5.20211e+10	4800.000000	3.98356e+10	4800.000000	4.10679e+10	4800.000000	4.11474e+10	4800.000000	4.10823e+10	4800.000000	1.43208e+08	4800.000000	1.42951e+08	4800.000000	3.21945e+08	4800.000000	3.55847e+08	4800.000000	4.74667e+08	
5000.000000	5.39725e+10	5000.000000	4.14397e+10	5000.000000	4.28655e+10	5000.000000	4.29484e+10	5000.000000	4.28805e+10	5000.000000	1.46727e+08	5000.000000	1.49994e+08	5000.000000	3.31791e+08	5000.000000	3.67793e+08	5000.000000	4.9121e+08	
5250.000000	5.63571e+10	5250.000000	4.34165e+10	5250.000000	4.51034e+10	5250.000000	4.51905e+10	5250.000000	4.51192e+10	5250.000000	1.50987e+08	5250.000000	1.58877e+08	5250.000000	3.43795e+08	5250.000000	3.82396e+08	5250.000000	5.11462e+08	
5500.000000	5.86824e+10	5500.000000	4.53625e+10	5500.000000	4.73314e+10	5500.000000	4.74227e+10	5500.000000	4.7348e+10	5500.000000	1.55104e+08	5500.000000	1.67846e+08	5500.000000	3.55483e+08	5500.000000	3.96649e+08	5500.000000	5.31262e+08	
6000.000000	6.31616e+10	6000.000000	4.91642e+10	6000.000000	5.17586e+10	6000.000000	5.1858e+10	6000.000000	5.17766e+10	6000.000000	1.62951e+08	6000.000000	1.86037e+08	6000.000000	3.77985e+08	6000.000000	4.24181e+08	6000.000000	5.69594e+08	
6500.000000	6.74231e+10	6500.000000	5.285e+10 	6500.000000	5.61487e+10	6500.000000	5.62561e+10	6500.000000	5.61682e+10	6500.000000	1.70342e+08	6500.000000	2.04555e+08	6500.000000	3.99432e+08	6500.000000	4.50519e+08	6500.000000	6.06364e+08	
7000.000000	7.14803e+10	7000.000000	5.64252e+10	7000.000000	6.05036e+10	7000.000000	6.06188e+10	7000.000000	6.05245e+10	7000.000000	1.77334e+08	7000.000000	2.23391e+08	7000.000000	4.19936e+08	7000.000000	4.75775e+08	7000.000000	6.41715e+08	
7500.000000	7.53459e+10	7500.000000	5.98952e+10	7500.000000	6.48252e+10	7500.000000	6.49481e+10	7500.000000	6.48475e+10	7500.000000	1.83976e+08	7500.000000	2.42535e+08	7500.000000	4.39594e+08	7500.000000	5.00046e+08	7500.000000	6.75768e+08	
8000.000000	7.90322e+10	8000.000000	6.32653e+10	8000.000000	6.91151e+10	8000.000000	6.92456e+10	8000.000000	6.91388e+10	8000.000000	1.90309e+08	8000.000000	2.61983e+08	8000.000000	4.58487e+08	8000.000000	5.23417e+08	8000.000000	7.08632e+08	
8500.000000	8.25506e+10	8500.000000	6.65405e+10	8500.000000	7.33751e+10	8500.000000	7.3513e+10	8500.000000	7.34001e+10	8500.000000	1.96364e+08	8500.000000	2.81723e+08	8500.000000	4.76685e+08	8500.000000	5.45964e+08	8500.000000	7.40401e+08	
9000.000000	8.59119e+10	9000.000000	6.97256e+10	9000.000000	7.76067e+10	9000.000000	7.77519e+10	9000.000000	7.7633e+10	9000.000000	2.0217e+08	9000.000000	3.01734e+08	9000.000000	4.94248e+08	9000.000000	5.67751e+08	9000.000000	7.7116e+08	
9500.000000	8.9126e+10	9500.000000	7.28252e+10	9500.000000	8.18115e+10	9500.000000	8.19637e+10	9500.000000	8.18388e+10	9500.000000	2.0775e+08	9500.000000	3.22005e+08	9500.000000	5.11228e+08	9500.000000	5.88836e+08	9500.000000	8.00985e+08	
10000.000000	9.22023e+10	10000.000000	7.58435e+10	10000.000000	8.59907e+10	10000.000000	8.61497e+10	10000.000000	8.60191e+10	10000.000000	2.13126e+08	10000.000000	3.42538e+08	10000.000000	5.27673e+08	10000.000000	6.09272e+08	10000.000000	8.2994e+08	
11000.000000	9.79747e+10	11000.000000	8.16522e+10	11000.000000	9.4277e+10	11000.000000	9.44495e+10	11000.000000	9.43074e+10	11000.000000	2.23332e+08	11000.000000	3.84399e+08	11000.000000	5.59112e+08	11000.000000	6.48372e+08	11000.000000	8.85478e+08	
12000.000000	1.0329e+11	12000.000000	8.71809e+10	12000.000000	1.02474e+11	12000.000000	1.0266e+11	12000.000000	1.02507e+11	12000.000000	2.32905e+08	12000.000000	4.27294e+08	12000.000000	5.88838e+08	12000.000000	6.85363e+08	12000.000000	9.38182e+08	
13000.000000	1.08201e+11	13000.000000	9.24549e+10	13000.000000	1.1059e+11	13000.000000	1.10789e+11	13000.000000	1.10625e+11	13000.000000	2.41935e+08	13000.000000	4.71174e+08	13000.000000	6.1707e+08	13000.000000	7.20502e+08	13000.000000	9.88387e+08	
14000.000000	1.12751e+11	14000.000000	9.74968e+10	14000.000000	1.18632e+11	14000.000000	1.18843e+11	14000.000000	1.18668e+11	14000.000000	2.50493e+08	14000.000000	5.15978e+08	14000.000000	6.43984e+08	14000.000000	7.53997e+08	14000.000000	1.03637e+09	
15000.000000	1.1698e+11	15000.000000	1.02326e+11	15000.000000	1.26604e+11	15000.000000	1.26828e+11	15000.000000	1.26643e+11	15000.000000	2.58639e+08	15000.000000	5.61657e+08	15000.000000	6.69727e+08	15000.000000	7.86024e+08	15000.000000	1.08236e+09	
16000.000000	1.2092e+11	16000.000000	1.0696e+11	16000.000000	1.34513e+11	16000.000000	1.34748e+11	16000.000000	1.34554e+11	16000.000000	2.66419e+08	16000.000000	6.08175e+08	16000.000000	6.9442e+08	16000.000000	8.1673e+08	16000.000000	1.12656e+09	
17000.000000	1.24601e+11	17000.000000	1.11415e+11	17000.000000	1.42362e+11	17000.000000	1.42609e+11	17000.000000	1.42405e+11	17000.000000	2.73873e+08	17000.000000	6.55513e+08	17000.000000	7.18167e+08	17000.000000	8.4624e+08	17000.000000	1.16912e+09	
18000.000000	1.28047e+11	18000.000000	1.15703e+11	18000.000000	1.50156e+11	18000.000000	1.50414e+11	18000.000000	1.50201e+11	18000.000000	2.81035e+08	18000.000000	7.03653e+08	18000.000000	7.41054e+08	18000.000000	8.74662e+08	18000.000000	1.2102e+09	
19000.000000	1.3128e+11	19000.000000	1.19838e+11	19000.000000	1.57897e+11	19000.000000	1.58167e+11	19000.000000	1.57944e+11	19000.000000	2.87931e+08	19000.000000	7.5258e+08	19000.000000	7.63158e+08	19000.000000	9.0209e+08	19000.000000	1.24992e+09	
20000.000000	1.34319e+11	20000.000000	1.23829e+11	20000.000000	1.6559e+11	20000.000000	1.65871e+11	20000.000000	1.65639e+11	20000.000000	2.94587e+08	20000.000000	8.0228e+08	20000.000000	7.84543e+08	20000.000000	9.28605e+08	20000.000000	1.28839e+09	
21000.000000	1.37182e+11	21000.000000	1.27687e+11	21000.000000	1.73237e+11	21000.000000	1.73528e+11	21000.000000	1.73287e+11	21000.000000	3.01022e+08	21000.000000	8.52736e+08	21000.000000	8.05266e+08	21000.000000	9.54277e+08	21000.000000	1.3257e+09	
22000.000000	1.39883e+11	22000.000000	1.3142e+11	22000.000000	1.80839e+11	22000.000000	1.81142e+11	22000.000000	1.80892e+11	22000.000000	3.07256e+08	22000.000000	9.03924e+08	22000.000000	8.25378e+08	22000.000000	9.7917e+08	22000.000000	1.36194e+09	
23000.000000	1.42436e+11	23000.000000	1.35037e+11	23000.000000	1.88401e+11	23000.000000	1.88714e+11	23000.000000	1.88456e+11	23000.000000	3.13303e+08	23000.000000	9.5583e+08	23000.000000	8.44923e+08	23000.000000	1.00334e+09	23000.000000	1.39719e+09	
24000.000000	1.44852e+11	24000.000000	1.38545e+11	24000.000000	1.95923e+11	24000.000000	1.96247e+11	24000.000000	1.9598e+11	24000.000000	3.19178e+08	24000.000000	1.00844e+09	24000.000000	8.63939e+08	24000.000000	1.02683e+09	24000.000000	1.4315e+09	
25000.000000	1.47142e+11	25000.000000	1.4195e+11	25000.000000	2.03409e+11	25000.000000	2.03742e+11	25000.000000	2.03467e+11	25000.000000	3.24893e+08	25000.000000	1.06169e+09	25000.000000	8.82462e+08	25000.000000	1.0497e+09	25000.000000	1.46495e+09	
26000.000000	1.49317e+11	26000.000000	1.45258e+11	26000.000000	2.10858e+11	26000.000000	2.11201e+11	26000.000000	2.10919e+11	26000.000000	3.30459e+08	26000.000000	1.11554e+09	26000.000000	9.00524e+08	26000.000000	1.07198e+09	26000.000000	1.49758e+09	
27000.000000	1.51384e+11	27000.000000	1.48475e+11	27000.000000	2.18274e+11	27000.000000	2.18627e+11	27000.000000	2.18337e+11	27000.000000	3.35886e+08	27000.000000	1.17003e+09	27000.000000	9.18152e+08	27000.000000	1.0937e+09	27000.000000	1.52944e+09	
28000.000000	1.5335e+11	28000.000000	1.51606e+11	28000.000000	2.25657e+11	28000.000000	2.26019e+11	28000.000000	2.25722e+11	28000.000000	3.41183e+08	28000.000000	1.22515e+09	28000.000000	9.35373e+08	28000.000000	1.1149e+09	28000.000000	1.56059e+09	
29000.000000	1.55224e+11	29000.000000	1.54655e+11	29000.000000	2.33009e+11	29000.000000	2.33381e+11	29000.000000	2.33076e+11	29000.000000	3.46358e+08	29000.000000	1.2809e+09	29000.000000	9.52209e+08	29000.000000	1.13561e+09	29000.000000	1.59105e+09	
30000.000000	1.57012e+11	30000.000000	1.57626e+11	30000.000000	2.40332e+11	30000.000000	2.40712e+11	30000.000000	2.404e+11 	30000.000000	3.51417e+08	30000.000000	1.33723e+09	30000.000000	9.68683e+08	30000.000000	1.15586e+09	30000.000000	1.62087e+09	
32000.000000	1.6035e+11	32000.000000	1.63353e+11	32000.000000	2.54892e+11	32000.000000	2.55289e+11	32000.000000	2.54964e+11	32000.000000	3.61216e+08	32000.000000	1.45156e+09	32000.000000	1.00062e+09	32000.000000	1.19505e+09	32000.000000	1.6787e+09	
34000.000000	1.63406e+11	34000.000000	1.68815e+11	34000.000000	2.69346e+11	34000.000000	2.6976e+11	34000.000000	2.69422e+11	34000.000000	3.70627e+08	34000.000000	1.56812e+09	34000.000000	1.03131e+09	34000.000000	1.23267e+09	34000.000000	1.73432e+09	
36000.000000	1.66213e+11	36000.000000	1.74034e+11	36000.000000	2.83702e+11	36000.000000	2.84131e+11	36000.000000	2.83781e+11	36000.000000	3.79687e+08	36000.000000	1.68684e+09	36000.000000	1.06087e+09	36000.000000	1.26885e+09	36000.000000	1.78795e+09	
38000.000000	1.688e+11 	38000.000000	1.79033e+11	38000.000000	2.97966e+11	38000.000000	2.98409e+11	38000.000000	2.98048e+11	38000.000000	3.88431e+08	38000.000000	1.80759e+09	38000.000000	1.08942e+09	38000.000000	1.30372e+09	38000.000000	1.83974e+09	
40000.000000	1.71191e+11	40000.000000	1.8383e+11	40000.000000	3.12144e+11	40000.000000	3.12601e+11	40000.000000	3.12229e+11	40000.000000	3.96885e+08	40000.000000	1.93022e+09	40000.000000	1.11702e+09	40000.000000	1.33739e+09	40000.000000	1.88986e+09	
42000.000000	1.73408e+11	42000.000000	1.8844e+11	42000.000000	3.2624e+11	42000.000000	3.2671e+11	42000.000000	3.26329e+11	42000.000000	4.05075e+08	42000.000000	2.05469e+09	42000.000000	1.14376e+09	42000.000000	1.36997e+09	42000.000000	1.93844e+09	
44000.000000	1.75469e+11	44000.000000	1.92879e+11	44000.000000	3.40261e+11	44000.000000	3.40743e+11	44000.000000	3.40352e+11	44000.000000	4.13021e+08	44000.000000	2.18096e+09	44000.000000	1.1697e+09	44000.000000	1.40153e+09	44000.000000	1.98558e+09	
46000.000000	1.77388e+11	46000.000000	1.97159e+11	46000.000000	3.54209e+11	46000.000000	3.54702e+11	46000.000000	3.54304e+11	46000.000000	4.20742e+08	46000.000000	2.30906e+09	46000.000000	1.1949e+09	46000.000000	1.43214e+09	46000.000000	2.0314e+09	
48000.000000	1.7918e+11	48000.000000	2.01291e+11	48000.000000	3.68088e+11	48000.000000	3.68592e+11	48000.000000	3.68187e+11	48000.000000	4.28254e+08	48000.000000	2.43898e+09	48000.000000	1.21941e+09	48000.000000	1.46188e+09	48000.000000	2.07599e+09	
50000.000000	1.80857e+11	50000.000000	2.05286e+11	50000.000000	3.81903e+11	50000.000000	3.82417e+11	50000.000000	3.82005e+11	50000.000000	4.35573e+08	50000.000000	2.57071e+09	50000.000000	1.24327e+09	50000.000000	1.49081e+09	50000.000000	2.11942e+09	
