! 4He range in H180C10F40
! apply ZOOM for details
Energy (MeV/u)1	0 - [He-base] F.Hubert et al, AD&ND Tables 46(1990)1	Energy (MeV/u)2	1 - [H -base] J.F.Ziegler et al,Pergamon Press,NY(low energy)	Energy (MeV/u)3	2 - ATIMA 1.2 LS-theory (recommended for high energy)	Energy (MeV/u)4	3 - ATIMA 1.2 without LS-correction	Energy (MeV/u)5	4 - ATIMA 1.4 H.Weick, improved mean charge formula for HI	Energy (MeV/u)6	5 - Range straggling - method [0] - LISE	Energy (MeV/u)7	6 - Range straggling - method [1] - Atima	Energy (MeV/u)8	7 - Lateral range - method [0] - LISE	Energy (MeV/u)9	8 - Lateral range - method [1] - Atima	Energy (MeV/u)10	9 - Lateral range - method [2] - PDG	
0.001000	346.622   	0.001000	346.622   	0.001000	266.365   	0.001000	266.365   	0.001000	266.475   	0.001000	0         	0.001000	0         	0.001000	3.87615   	0.001000	7.84318   	0.001000	3.99165   	
0.002000	693.243   	0.002000	693.243   	0.002000	532.729   	0.002000	532.729   	0.002000	532.951   	0.002000	27.5982   	0.002000	27.5982   	0.002000	11.3512   	0.002000	22.192    	0.002000	12.239    	
0.005000	1439.53   	0.005000	1439.53   	0.005000	1102.82   	0.005000	1102.82   	0.005000	1103.13   	0.005000	31.132    	0.005000	31.132    	0.005000	34.4145   	0.005000	65.6779   	0.005000	38.2023   	
0.008000	1980.74   	0.008000	1980.74   	0.008000	1524.53   	0.008000	1524.53   	0.008000	1524.87   	0.008000	31.2089   	0.008000	31.2089   	0.008000	56.5447   	0.008000	106.638   	0.008000	63.6181   	
0.010000	2284.98   	0.010000	2284.98   	0.010000	1765.34   	0.010000	1765.34   	0.010000	1765.68   	0.010000	31.4481   	0.010000	31.4481   	0.010000	70.8375   	0.010000	132.849   	0.010000	80.1907   	
0.015000	2903.67   	0.015000	2903.67   	0.015000	2286.48   	0.015000	2286.48   	0.015000	2286.84   	0.015000	32.558    	0.015000	32.558    	0.015000	105.447   	0.015000	195.78    	0.015000	120.667   	
0.020000	3389.15   	0.020000	3389.15   	0.020000	2735.29   	0.020000	2735.29   	0.020000	2735.65   	0.020000	33.9846   	0.020000	33.9846   	0.020000	137.934   	0.020000	253.429   	0.020000	160.264   	
0.025000	3798.68   	0.025000	3798.68   	0.025000	3137.58   	0.025000	3137.58   	0.025000	3137.95   	0.025000	35.4719   	0.025000	35.4719   	0.025000	166.859   	0.025000	302.017   	0.025000	199.229   	
0.030000	4160.37   	0.030000	4160.37   	0.030000	3506.08   	0.030000	3506.08   	0.030000	3506.45   	0.030000	36.918    	0.030000	36.918    	0.030000	193.74    	0.030000	345.574   	0.030000	231.986   	
0.035000	4489.71   	0.035000	4489.71   	0.035000	3848.87   	0.035000	3848.87   	0.035000	3849.24   	0.035000	38.2918   	0.035000	38.2918   	0.035000	219.273   	0.035000	385.862   	0.035000	257.13    	
0.040000	4795.79   	0.040000	4795.79   	0.040000	4171.55   	0.040000	4171.55   	0.040000	4171.92   	0.040000	39.5895   	0.040000	39.5895   	0.040000	243.732   	0.040000	423.673   	0.040000	277.703   	
0.045000	5084.18   	0.045000	5084.18   	0.045000	4478.01   	0.045000	4478.01   	0.045000	4478.39   	0.045000	40.8152   	0.045000	40.8152   	0.045000	266.877   	0.045000	459.004   	0.045000	295.46    	
0.050000	5358.52   	0.050000	5358.52   	0.050000	4771.1    	0.050000	4771.1    	0.050000	4771.48   	0.050000	41.9756   	0.050000	42.1708   	0.050000	286.509   	0.050000	488.995   	0.050000	310.632   	
0.055000	5621.31   	0.055000	5621.31   	0.055000	5052.96   	0.055000	5052.96   	0.055000	5053.33   	0.055000	43.0778   	0.055000	43.5364   	0.055000	303.625   	0.055000	515.16    	0.055000	324.236   	
0.060000	5874.41   	0.060000	5874.41   	0.060000	5325.27   	0.060000	5325.27   	0.060000	5325.65   	0.060000	44.1287   	0.060000	44.8082   	0.060000	318.785   	0.060000	538.325   	0.060000	336.545   	
0.070000	6357.02   	0.070000	6357.02   	0.070000	5846.45   	0.070000	5846.45   	0.070000	5846.83   	0.070000	46.1012   	0.070000	47.1334   	0.070000	344.764   	0.070000	577.951   	0.070000	358.143   	
0.080000	6814.98   	0.080000	6814.98   	0.080000	6342.9    	0.080000	6342.9    	0.080000	6343.28   	0.080000	47.9363   	0.080000	49.241    	0.080000	366.744   	0.080000	611.365   	0.080000	376.886   	
0.090000	7254.4    	0.090000	7254.4    	0.090000	6820.47   	0.090000	6820.47   	0.090000	6820.85   	0.090000	49.6679   	0.090000	51.1933   	0.090000	386.044   	0.090000	640.61    	0.090000	393.503   	
0.100000	7679.88   	0.100000	7679.88   	0.100000	7283.56   	0.100000	7283.56   	0.100000	7283.94   	0.100000	51.3224   	0.100000	53.0338   	0.100000	403.189   	0.100000	666.344   	0.100000	408.661   	
0.120000	8502.43   	0.120000	8502.43   	0.120000	8179.06   	0.120000	8179.06   	0.120000	8179.44   	0.120000	54.4805   	0.120000	56.4979   	0.120000	433.183   	0.120000	710.345   	0.120000	435.374   	
0.140000	9303.16   	0.140000	9303.16   	0.140000	9048.97   	0.140000	9048.97   	0.140000	9049.35   	0.140000	57.5347   	0.140000	59.8017   	0.140000	459.418   	0.140000	748.461   	0.140000	459.239   	
0.160000	10095.6   	0.160000	10095.6   	0.160000	9906.33   	0.160000	9906.33   	0.160000	9906.71   	0.160000	60.5692   	0.160000	62.9996   	0.160000	483.245   	0.160000	782.775   	0.160000	481.239   	
0.180000	10888.9   	0.180000	10888.9   	0.180000	10760.3   	0.180000	10760.3   	0.180000	10760.7   	0.180000	63.644    	0.180000	66.1561   	0.180000	505.145   	0.180000	814.121   	0.180000	501.635   	
0.200000	11689.8   	0.200000	11689.8   	0.200000	11617.6   	0.200000	11617.6   	0.200000	11618     	0.200000	66.804    	0.200000	69.3284   	0.200000	526.037   	0.200000	843.81    	0.200000	521.236   	
0.250000	13753.4   	0.250000	13753.4   	0.250000	13805.4   	0.250000	13805.4   	0.250000	13805.8   	0.250000	75.2888   	0.250000	77.5756   	0.250000	574.882   	0.250000	912.56    	0.250000	567.879   	
0.300000	15938.3   	0.300000	15938.3   	0.300000	16094.9   	0.300000	16094.9   	0.300000	16095.3   	0.300000	84.89     	0.300000	86.5774   	0.300000	622.102   	0.300000	978.052   	0.300000	613.74    	
0.350000	18268.7   	0.350000	18268.7   	0.350000	18515.7   	0.350000	18515.7   	0.350000	18516.1   	0.350000	95.8395   	0.350000	96.5762   	0.350000	668.613   	0.350000	1041.99   	0.350000	659.286   	
0.400000	20757.3   	0.400000	20757.3   	0.400000	21085.6   	0.400000	21085.6   	0.400000	21086     	0.400000	108.274   	0.400000	107.695   	0.400000	715.567   	0.400000	1105.97   	0.400000	705.722   	
0.450000	23410.6   	0.450000	23410.6   	0.450000	23815.1   	0.450000	23815.1   	0.450000	23815.5   	0.450000	122.266   	0.450000	119.987   	0.450000	763.752   	0.450000	1171.06   	0.450000	753.661   	
0.500000	26231.6   	0.500000	26231.6   	0.500000	26710.3   	0.500000	26710.3   	0.500000	26710.7   	0.500000	137.839   	0.500000	133.463   	0.500000	813.177   	0.500000	1237.41   	0.500000	802.992   	
0.600000	32378.8   	0.600000	32378.8   	0.600000	33009.4   	0.600000	33009.4   	0.600000	33009.8   	0.600000	173.689   	0.600000	164.196   	0.600000	916.988   	0.600000	1375.46   	0.600000	907.081   	
0.700000	39194.4   	0.700000	39194.4   	0.700000	39989.4   	0.700000	39989.4   	0.700000	39989.8   	0.700000	215.594   	0.700000	201.066   	0.700000	1027.6    	0.700000	1521.16   	0.700000	1018.43   	
0.800000	46665.5   	0.800000	46665.5   	0.800000	47642.4   	0.800000	47642.4   	0.800000	47642.8   	0.800000	263.22    	0.800000	243.26    	0.800000	1144.11   	0.800000	1675.3    	0.800000	1137.77   	
0.900000	54777.2   	0.900000	54777.2   	0.900000	55954.8   	0.900000	55954.8   	0.900000	55955.2   	0.900000	316.24    	0.900000	289.945   	0.900000	1263.72   	0.900000	1837.65   	0.900000	1264.51   	
1.000000	63514.7   	1.000000	63514.7   	1.000000	64911.4   	1.000000	64911.4   	1.000000	64911.7   	1.000000	374.372   	1.000000	340.532   	1.000000	1390.77   	1.000000	2004      	1.000000	1399.16   	
1.250000	88010.7   	1.250000	88010.7   	1.250000	90028.4   	1.250000	90028.4   	1.250000	90028.7   	1.250000	540.677   	1.250000	481.626   	1.250000	1739.72   	1.250000	2441.2    	1.250000	1743.37   	
1.500000	116162    	1.500000	116162    	1.500000	118893    	1.500000	118893    	1.500000	118894    	1.500000	735.213   	1.500000	640.934   	1.500000	2131.94   	1.500000	2927.37   	1.500000	2084.34   	
1.750000	147842    	1.750000	147842    	1.750000	151369    	1.750000	151369    	1.750000	151369    	1.750000	956.732   	1.750000	816.614   	1.750000	2565.86   	1.750000	3459.98   	1.750000	2471.13   	
2.000000	182955    	2.000000	182955    	2.000000	187358    	2.000000	187358    	2.000000	187358    	2.000000	1204.6    	2.000000	1007.67   	2.000000	3036.22   	2.000000	4032.27   	2.000000	2901.76   	
2.250000	221430    	2.250000	221430    	2.250000	226787    	2.250000	226787    	2.250000	226788    	2.250000	1478.48   	2.250000	1213.55   	2.250000	3517.35   	2.250000	4614.13   	2.250000	3374.86   	
2.500000	263291    	2.500000	263206    	2.500000	269601    	2.500000	269601    	2.500000	269601    	2.500000	1778.17   	2.500000	1433.93   	2.500000	4037.71   	2.500000	5239.15   	2.500000	3889.43   	
3.000000	361979    	3.000000	356463    	3.000000	365200    	3.000000	365200    	3.000000	365200    	3.000000	2454.48   	3.000000	1917.39   	3.000000	5199.18   	3.000000	6620.44   	3.000000	5040.21   	
3.500000	474000    	3.500000	462380    	3.500000	473849    	3.500000	473849    	3.500000	473849    	3.500000	3232.58   	3.500000	2456.37   	3.500000	6517.72   	3.500000	8169.78   	3.500000	6349.57   	
4.000000	599059    	4.000000	580665    	4.000000	595296    	4.000000	595296    	4.000000	595296    	4.000000	4111.56   	4.000000	3049.32   	4.000000	7989.78   	4.000000	9880.87   	4.000000	7814.28   	
4.500000	736908    	4.500000	711064    	4.500000	729324    	4.500000	729324    	4.500000	729324    	4.500000	5090.48   	4.500000	3695.03   	4.500000	9612.56   	4.500000	11748.8   	4.500000	9431.71   	
5.000000	887331    	5.000000	853346    	5.000000	875741    	5.000000	875741    	5.000000	875740    	5.000000	6168.38   	5.000000	4392.43   	5.000000	11383.7   	5.000000	13769.4   	5.000000	11199.6   	
5.500000	1.05014e+06	5.500000	1.00731e+06	5.500000	1.03437e+06	5.500000	1.03437e+06	5.500000	1.03437e+06	5.500000	7344.31   	5.500000	5140.48   	5.500000	13301     	5.500000	15939.2   	5.500000	13116     	
6.000000	1.22516e+06	6.000000	1.17276e+06	6.000000	1.20506e+06	6.000000	1.20506e+06	6.000000	1.20506e+06	6.000000	8617.41   	6.000000	5938.24   	6.000000	15362.8   	6.000000	18255.2   	6.000000	15179.3   	
6.500000	1.41225e+06	6.500000	1.34953e+06	6.500000	1.38766e+06	6.500000	1.38766e+06	6.500000	1.38766e+06	6.500000	9986.87   	6.500000	6784.88   	6.500000	17567.3   	6.500000	20714.7   	6.500000	17387.7   	
7.000000	1.61125e+06	7.000000	1.53748e+06	7.000000	1.58204e+06	7.000000	1.58204e+06	7.000000	1.58204e+06	7.000000	11451.9   	7.000000	7679.66   	7.000000	19913.3   	7.000000	23315.2   	7.000000	19739.9   	
7.500000	1.82204e+06	7.500000	1.73645e+06	7.500000	1.78809e+06	7.500000	1.78809e+06	7.500000	1.78809e+06	7.500000	13012     	7.500000	8621.88   	7.500000	22399.2   	7.500000	26054.6   	7.500000	22234.8   	
8.000000	2.0445e+06	8.000000	1.94633e+06	8.000000	2.00569e+06	8.000000	2.00569e+06	8.000000	2.00569e+06	8.000000	14666.3   	8.000000	9610.96   	8.000000	25024.1   	8.000000	28931     	8.000000	24871     	
8.500000	2.27852e+06	8.500000	2.16698e+06	8.500000	2.23475e+06	8.500000	2.23475e+06	8.500000	2.23474e+06	8.500000	16414.4   	8.500000	10646.4   	8.500000	27786.7   	8.500000	31942.6   	8.500000	27647.7   	
9.000000	2.52397e+06	9.000000	2.39831e+06	9.000000	2.47516e+06	9.000000	2.47516e+06	9.000000	2.47516e+06	9.000000	18255.8   	9.000000	11727.7   	9.000000	30686.1   	9.000000	35087.9   	9.000000	30563.8   	
9.500000	2.78078e+06	9.500000	2.64021e+06	9.500000	2.72686e+06	9.500000	2.72686e+06	9.500000	2.72686e+06	9.500000	20190     	9.500000	12854.3   	9.500000	33721.4   	9.500000	38365.4   	9.500000	33618.6   	
10.000000	3.04883e+06	10.000000	2.89288e+06	10.000000	2.98975e+06	10.000000	2.98975e+06	10.000000	2.98975e+06	10.000000	22216.5   	10.000000	14025.4   	10.000000	36891.8   	10.000000	41773.6   	10.000000	36811.1   	
11.000000	3.61833e+06	11.000000	3.44811e+06	11.000000	3.54914e+06	11.000000	3.54912e+06	11.000000	3.54915e+06	11.000000	26552.4   	11.000000	16504.1   	11.000000	43639.5   	11.000000	48982.5   	11.000000	43611.6   	
12.000000	4.23179e+06	12.000000	4.04698e+06	12.000000	4.15308e+06	12.000000	4.15302e+06	12.000000	4.15313e+06	12.000000	31266     	12.000000	19165.4   	12.000000	50928.6   	12.000000	56710.4   	12.000000	50964.9   	
13.000000	4.88859e+06	13.000000	4.68893e+06	13.000000	4.80106e+06	13.000000	4.80093e+06	13.000000	4.80117e+06	13.000000	36352.9   	13.000000	22005.5   	13.000000	58753.9   	13.000000	64949.3   	13.000000	58866.3   	
14.000000	5.58814e+06	14.000000	5.37344e+06	14.000000	5.49258e+06	14.000000	5.49236e+06	14.000000	5.49278e+06	14.000000	41808.7   	14.000000	25019.8   	14.000000	67110.7   	14.000000	73691.4   	14.000000	67311.2   	
15.000000	6.3299e+06	15.000000	6.10002e+06	15.000000	6.22715e+06	15.000000	6.22684e+06	15.000000	6.22747e+06	15.000000	47629.3   	15.000000	28204.7   	15.000000	75994     	15.000000	82929.6   	15.000000	76295     	
16.000000	7.11338e+06	16.000000	6.86823e+06	16.000000	7.00433e+06	16.000000	7.00391e+06	16.000000	7.00479e+06	16.000000	53810.4   	16.000000	31558.2   	16.000000	85399     	16.000000	92656.8   	16.000000	85813.1   	
17.000000	7.93809e+06	17.000000	7.67764e+06	17.000000	7.82365e+06	17.000000	7.82313e+06	17.000000	7.82429e+06	17.000000	60347.7   	17.000000	35078.7   	17.000000	95320.9   	17.000000	102866    	17.000000	95861     	
18.000000	8.80357e+06	18.000000	8.52783e+06	18.000000	8.68465e+06	18.000000	8.68404e+06	18.000000	8.68551e+06	18.000000	67236.9   	18.000000	38762.7   	18.000000	105755    	18.000000	113551    	18.000000	106434    	
19.000000	9.7094e+06	19.000000	9.41842e+06	19.000000	9.58688e+06	19.000000	9.58619e+06	19.000000	9.58801e+06	19.000000	74473.1   	19.000000	42605.9   	19.000000	116695    	19.000000	124705    	19.000000	117527    	
20.000000	1.06552e+07	20.000000	1.03491e+07	20.000000	1.05299e+07	20.000000	1.05292e+07	20.000000	1.05313e+07	20.000000	82051.5   	20.000000	46605     	20.000000	128136    	20.000000	136321    	20.000000	129134    	
21.000000	1.16405e+07	21.000000	1.13194e+07	21.000000	1.15133e+07	21.000000	1.15125e+07	21.000000	1.1515e+07	21.000000	89967.2   	21.000000	50757.2   	21.000000	140074    	21.000000	148392    	21.000000	141252    	
22.000000	1.2665e+07	22.000000	1.2329e+07	22.000000	1.25366e+07	22.000000	1.25357e+07	22.000000	1.25386e+07	22.000000	98214.6   	22.000000	55059.5   	22.000000	152501    	22.000000	160912    	22.000000	153873    	
23.000000	1.37283e+07	23.000000	1.33777e+07	23.000000	1.35993e+07	23.000000	1.35983e+07	23.000000	1.36017e+07	23.000000	106788    	23.000000	59508.7   	23.000000	165412    	23.000000	173873    	23.000000	166994    	
24.000000	1.48301e+07	24.000000	1.44651e+07	24.000000	1.47009e+07	24.000000	1.46999e+07	24.000000	1.47037e+07	24.000000	115683    	24.000000	64101.7   	24.000000	178802    	24.000000	187270    	24.000000	180607    	
25.000000	1.597e+07 	25.000000	1.55908e+07	25.000000	1.58409e+07	25.000000	1.584e+07 	25.000000	1.58442e+07	25.000000	124892    	25.000000	68835.6   	25.000000	192663    	25.000000	201094    	25.000000	194706    	
27.000000	1.83629e+07	27.000000	1.79564e+07	27.000000	1.82344e+07	27.000000	1.82338e+07	27.000000	1.82388e+07	27.000000	144228    	27.000000	78709     	27.000000	221775    	27.000000	229999    	27.000000	224341    	
29.000000	2.09046e+07	29.000000	2.04721e+07	29.000000	2.07756e+07	29.000000	2.07757e+07	29.000000	2.07816e+07	29.000000	164745    	29.000000	89096.6   	29.000000	252694    	29.000000	260531    	29.000000	255844    	
31.000000	2.35928e+07	31.000000	2.31359e+07	31.000000	2.34614e+07	31.000000	2.34622e+07	31.000000	2.34688e+07	31.000000	186399    	31.000000	99982.6   	31.000000	285369    	31.000000	292636    	31.000000	289169    	
33.000000	2.64253e+07	33.000000	2.59457e+07	33.000000	2.6291e+07	33.000000	2.62929e+07	33.000000	2.63001e+07	33.000000	209216    	33.000000	111374    	33.000000	319797    	33.000000	326306    	33.000000	324312    	
35.000000	2.94e+07  	35.000000	2.88995e+07	35.000000	2.92629e+07	35.000000	2.92661e+07	35.000000	2.92738e+07	35.000000	233187    	35.000000	123269    	35.000000	355956    	35.000000	361518    	35.000000	361256    	
38.000000	3.41246e+07	38.000000	3.35963e+07	38.000000	3.3984e+07	38.000000	3.39893e+07	38.000000	3.39974e+07	38.000000	271277    	38.000000	142047    	38.000000	413390    	38.000000	417171    	38.000000	420000    	
41.000000	3.91586e+07	41.000000	3.86072e+07	41.000000	3.90153e+07	41.000000	3.90235e+07	41.000000	3.90317e+07	41.000000	311876    	41.000000	161905    	41.000000	474590    	41.000000	476154    	41.000000	482677    	
44.000000	4.44963e+07	44.000000	4.39266e+07	44.000000	4.43519e+07	44.000000	4.4363e+07	44.000000	4.4371e+07	44.000000	354935    	44.000000	182829    	44.000000	539482    	44.000000	538392    	44.000000	549221    	
47.000000	5.01321e+07	47.000000	4.95491e+07	47.000000	4.99885e+07	47.000000	5.00028e+07	47.000000	5.00103e+07	47.000000	400401    	47.000000	204806    	47.000000	607997    	47.000000	603815    	47.000000	619569    	
50.000000	5.60608e+07	50.000000	5.54696e+07	50.000000	5.59196e+07	50.000000	5.5938e+07	50.000000	5.59446e+07	50.000000	448226    	50.000000	227798    	50.000000	680070    	50.000000	672359    	50.000000	693663    	
55.000000	6.658e+07 	55.000000	6.59863e+07	55.000000	6.64476e+07	55.000000	6.64735e+07	55.000000	6.6478e+07	55.000000	533047    	55.000000	268305    	55.000000	807926    	55.000000	793369    	55.000000	825326    	
60.000000	7.78784e+07	60.000000	7.72963e+07	60.000000	7.77611e+07	60.000000	7.77961e+07	60.000000	7.77975e+07	60.000000	624075    	60.000000	311455    	60.000000	945212    	60.000000	922612    	60.000000	966992    	
65.000000	8.99364e+07	65.000000	8.93794e+07	65.000000	8.98419e+07	65.000000	8.98866e+07	65.000000	8.9884e+07	65.000000	721107    	65.000000	357198    	65.000000	1.09166e+06	65.000000	1.05985e+06	65.000000	1.11843e+06	
70.000000	1.02736e+08	70.000000	1.02217e+08	70.000000	1.02671e+08	70.000000	1.02727e+08	70.000000	1.02719e+08	70.000000	823949    	70.000000	405415    	70.000000	1.24703e+06	70.000000	1.20484e+06	70.000000	1.27942e+06	
75.000000	1.1626e+08	75.000000	1.15791e+08	75.000000	1.16232e+08	75.000000	1.163e+08 	75.000000	1.16287e+08	75.000000	932415    	75.000000	456060    	75.000000	1.41108e+06	75.000000	1.35739e+06	75.000000	1.44976e+06	
80.000000	1.30493e+08	80.000000	1.30085e+08	80.000000	1.30508e+08	80.000000	1.30591e+08	80.000000	1.3057e+08	80.000000	1.04633e+06	80.000000	509020    	80.000000	1.58359e+06	80.000000	1.51729e+06	80.000000	1.62924e+06	
85.000000	1.45419e+08	85.000000	1.45082e+08	85.000000	1.45485e+08	85.000000	1.45582e+08	85.000000	1.45554e+08	85.000000	1.16552e+06	85.000000	564236    	85.000000	1.76433e+06	85.000000	1.68436e+06	85.000000	1.81768e+06	
90.000000	1.61025e+08	90.000000	1.60767e+08	90.000000	1.61147e+08	90.000000	1.61261e+08	90.000000	1.61224e+08	90.000000	1.28982e+06	90.000000	621646    	90.000000	1.9531e+06	90.000000	1.85841e+06	90.000000	2.0149e+06	
95.000000	1.77297e+08	95.000000	1.77126e+08	95.000000	1.7748e+08	95.000000	1.77612e+08	95.000000	1.77565e+08	95.000000	1.41907e+06	95.000000	681195    	95.000000	2.1497e+06	95.000000	2.03928e+06	95.000000	2.22071e+06	
100.000000	1.94222e+08	100.000000	1.94144e+08	100.000000	1.94471e+08	100.000000	1.94621e+08	100.000000	1.94565e+08	100.000000	1.55312e+06	100.000000	742826    	100.000000	2.35393e+06	100.000000	2.2268e+06	100.000000	2.43495e+06	
105.000000	2.11789e+08	105.000000	2.11807e+08	105.000000	2.12107e+08	105.000000	2.12277e+08	105.000000	2.12209e+08	105.000000	1.69183e+06	105.000000	806494    	105.000000	2.56561e+06	105.000000	2.42082e+06	105.000000	2.65746e+06	
110.000000	2.29986e+08	110.000000	2.30103e+08	110.000000	2.30376e+08	110.000000	2.30567e+08	110.000000	2.30486e+08	110.000000	1.83504e+06	110.000000	872116    	110.000000	2.78456e+06	110.000000	2.6212e+06	110.000000	2.88808e+06	
115.000000	2.48801e+08	115.000000	2.49018e+08	115.000000	2.49265e+08	115.000000	2.49477e+08	115.000000	2.49383e+08	115.000000	1.98263e+06	115.000000	939626    	115.000000	3.01059e+06	115.000000	2.82778e+06	115.000000	3.12664e+06	
120.000000	2.68224e+08	120.000000	2.68541e+08	120.000000	2.68762e+08	120.000000	2.68997e+08	120.000000	2.68889e+08	120.000000	2.13447e+06	120.000000	1.00902e+06	120.000000	3.24355e+06	120.000000	3.04043e+06	120.000000	3.37301e+06	
125.000000	2.88245e+08	125.000000	2.8866e+08	125.000000	2.88855e+08	125.000000	2.89116e+08	125.000000	2.88992e+08	125.000000	2.29041e+06	125.000000	1.0802e+06	125.000000	3.48327e+06	125.000000	3.25902e+06	125.000000	3.62704e+06	
130.000000	3.08854e+08	130.000000	3.09364e+08	130.000000	3.09536e+08	130.000000	3.09821e+08	130.000000	3.09681e+08	130.000000	2.45034e+06	130.000000	1.15318e+06	130.000000	3.72958e+06	130.000000	3.48342e+06	130.000000	3.88859e+06	
135.000000	3.30042e+08	135.000000	3.30641e+08	135.000000	3.30791e+08	135.000000	3.31103e+08	135.000000	3.30946e+08	135.000000	2.61415e+06	135.000000	1.22789e+06	135.000000	3.98234e+06	135.000000	3.7135e+06	135.000000	4.15751e+06	
140.000000	3.518e+08 	140.000000	3.5248e+08	140.000000	3.52609e+08	140.000000	3.5295e+08	140.000000	3.52775e+08	140.000000	2.7817e+06	140.000000	1.30427e+06	140.000000	4.24138e+06	140.000000	3.94916e+06	140.000000	4.43368e+06	
145.000000	3.74119e+08	145.000000	3.74872e+08	145.000000	3.74983e+08	145.000000	3.75354e+08	145.000000	3.7516e+08	145.000000	2.9529e+06	145.000000	1.38227e+06	145.000000	4.50658e+06	145.000000	4.19026e+06	145.000000	4.71697e+06	
150.000000	3.96991e+08	150.000000	3.97807e+08	150.000000	3.97903e+08	150.000000	3.98304e+08	150.000000	3.9809e+08	150.000000	3.12762e+06	150.000000	1.46187e+06	150.000000	4.77777e+06	150.000000	4.4367e+06	150.000000	5.00724e+06	
155.000000	4.2842e+08	155.000000	4.21274e+08	155.000000	4.21359e+08	155.000000	4.2179e+08	155.000000	4.21556e+08	155.000000	3.30577e+06	155.000000	1.54302e+06	155.000000	5.05484e+06	155.000000	4.68838e+06	155.000000	5.30438e+06	
160.000000	4.60806e+08	160.000000	4.45265e+08	160.000000	4.45341e+08	160.000000	4.45804e+08	160.000000	4.45548e+08	160.000000	3.48724e+06	160.000000	1.6257e+06	160.000000	5.33763e+06	160.000000	4.94517e+06	160.000000	5.60826e+06	
165.000000	4.93862e+08	165.000000	4.69769e+08	165.000000	4.6984e+08	165.000000	4.70336e+08	165.000000	4.70057e+08	165.000000	3.67193e+06	165.000000	1.70987e+06	165.000000	5.62602e+06	165.000000	5.207e+06 	165.000000	5.91876e+06	
170.000000	5.27577e+08	170.000000	4.94778e+08	170.000000	4.94846e+08	170.000000	4.95377e+08	170.000000	4.95075e+08	170.000000	3.85975e+06	170.000000	1.7955e+06	170.000000	5.91988e+06	170.000000	5.47374e+06	170.000000	6.23578e+06	
175.000000	5.61939e+08	175.000000	5.20284e+08	175.000000	5.20351e+08	175.000000	5.20919e+08	175.000000	5.20593e+08	175.000000	4.05059e+06	175.000000	1.88258e+06	175.000000	6.21909e+06	175.000000	5.7453e+06	175.000000	6.55918e+06	
180.000000	5.96938e+08	180.000000	5.46278e+08	180.000000	5.46349e+08	180.000000	5.46954e+08	180.000000	5.46603e+08	180.000000	4.24438e+06	180.000000	1.97102e+06	180.000000	6.52353e+06	180.000000	6.0216e+06	180.000000	6.88888e+06	
185.000000	6.32563e+08	185.000000	5.72752e+08	185.000000	5.7283e+08	185.000000	5.73472e+08	185.000000	5.73095e+08	185.000000	4.44101e+06	185.000000	2.06077e+06	185.000000	6.83307e+06	185.000000	6.30253e+06	185.000000	7.22475e+06	
190.000000	6.68803e+08	190.000000	5.99697e+08	190.000000	5.99788e+08	190.000000	6.00467e+08	190.000000	6.00063e+08	190.000000	4.64042e+06	190.000000	2.15185e+06	190.000000	7.1476e+06	190.000000	6.58801e+06	190.000000	7.56669e+06	
195.000000	7.0565e+08	195.000000	6.27105e+08	195.000000	6.27213e+08	195.000000	6.27931e+08	195.000000	6.27499e+08	195.000000	4.8425e+06	195.000000	2.24426e+06	195.000000	7.46702e+06	195.000000	6.87795e+06	195.000000	7.9146e+06	
200.000000	7.43093e+08	200.000000	6.5497e+08	200.000000	6.55096e+08	200.000000	6.55855e+08	200.000000	6.55394e+08	200.000000	5.04718e+06	200.000000	2.33792e+06	200.000000	7.7912e+06	200.000000	7.17227e+06	200.000000	8.26837e+06	
210.000000	8.19728e+08	210.000000	7.12039e+08	210.000000	7.1221e+08	210.000000	7.13055e+08	210.000000	7.12535e+08	210.000000	5.46403e+06	210.000000	2.52881e+06	210.000000	8.45344e+06	210.000000	7.77369e+06	210.000000	8.99312e+06	
220.000000	8.98638e+08	220.000000	7.70845e+08	220.000000	7.71078e+08	220.000000	7.72011e+08	220.000000	7.71429e+08	220.000000	5.89035e+06	220.000000	2.72445e+06	220.000000	9.13351e+06	220.000000	8.39164e+06	220.000000	9.74017e+06	
230.000000	9.79753e+08	230.000000	8.31334e+08	230.000000	8.31644e+08	230.000000	8.32668e+08	230.000000	8.32019e+08	230.000000	6.32558e+06	230.000000	2.92474e+06	230.000000	9.83061e+06	230.000000	9.0255e+06	230.000000	1.05088e+07	
240.000000	1.06301e+09	240.000000	8.93453e+08	240.000000	8.93855e+08	240.000000	8.94972e+08	240.000000	8.94254e+08	240.000000	6.76918e+06	240.000000	3.12934e+06	240.000000	1.0544e+07	240.000000	9.67468e+06	240.000000	1.12982e+07	
250.000000	1.14834e+09	250.000000	9.57153e+08	250.000000	9.57654e+08	250.000000	9.58873e+08	250.000000	9.58082e+08	250.000000	7.22063e+06	250.000000	3.33809e+06	250.000000	1.12729e+07	250.000000	1.03386e+07	250.000000	1.21078e+07	
260.000000	1.23568e+09	260.000000	1.02239e+09	260.000000	1.023e+09 	260.000000	1.02432e+09	260.000000	1.02346e+09	260.000000	7.67945e+06	260.000000	3.55085e+06	260.000000	1.20168e+07	260.000000	1.10168e+07	260.000000	1.29369e+07	
270.000000	1.32498e+09	270.000000	1.0891e+09	270.000000	1.08984e+09	270.000000	1.09127e+09	270.000000	1.09033e+09	270.000000	8.14517e+06	270.000000	3.76748e+06	270.000000	1.27748e+07	270.000000	1.17087e+07	270.000000	1.37848e+07	
280.000000	1.41619e+09	280.000000	1.15727e+09	280.000000	1.15814e+09	280.000000	1.15968e+09	280.000000	1.15865e+09	280.000000	8.61737e+06	280.000000	3.98767e+06	280.000000	1.35465e+07	280.000000	1.24138e+07	280.000000	1.4651e+07	
290.000000	1.50925e+09	290.000000	1.22683e+09	290.000000	1.22785e+09	290.000000	1.2295e+09	290.000000	1.22839e+09	290.000000	9.09562e+06	290.000000	4.21134e+06	290.000000	1.43311e+07	290.000000	1.31317e+07	290.000000	1.55349e+07	
300.000000	1.60411e+09	300.000000	1.29775e+09	300.000000	1.29892e+09	300.000000	1.30069e+09	300.000000	1.29949e+09	300.000000	9.57955e+06	300.000000	4.43846e+06	300.000000	1.51282e+07	300.000000	1.38619e+07	300.000000	1.64358e+07	
310.000000	1.70072e+09	310.000000	1.37e+09  	310.000000	1.37133e+09	310.000000	1.37321e+09	310.000000	1.37193e+09	310.000000	1.00688e+07	310.000000	4.66875e+06	310.000000	1.59372e+07	310.000000	1.46039e+07	310.000000	1.73533e+07	
320.000000	1.79904e+09	320.000000	1.44353e+09	320.000000	1.44502e+09	320.000000	1.44703e+09	320.000000	1.44565e+09	320.000000	1.05629e+07	320.000000	4.90222e+06	320.000000	1.67575e+07	320.000000	1.53574e+07	320.000000	1.82868e+07	
330.000000	1.89902e+09	330.000000	1.5183e+09	330.000000	1.51997e+09	330.000000	1.52211e+09	330.000000	1.52063e+09	330.000000	1.10617e+07	330.000000	5.13881e+06	330.000000	1.75887e+07	330.000000	1.61219e+07	330.000000	1.92358e+07	
340.000000	2.00061e+09	340.000000	1.59429e+09	340.000000	1.59614e+09	340.000000	1.5984e+09	340.000000	1.59683e+09	340.000000	1.15648e+07	340.000000	5.37827e+06	340.000000	1.84302e+07	340.000000	1.68971e+07	340.000000	2.01998e+07	
350.000000	2.10378e+09	350.000000	1.67146e+09	350.000000	1.67349e+09	350.000000	1.67588e+09	350.000000	1.67421e+09	350.000000	1.20719e+07	350.000000	5.62042e+06	350.000000	1.92816e+07	350.000000	1.76825e+07	350.000000	2.11783e+07	
360.000000	2.20849e+09	360.000000	1.74978e+09	360.000000	1.75198e+09	360.000000	1.75451e+09	360.000000	1.75274e+09	360.000000	1.25827e+07	360.000000	5.86528e+06	360.000000	2.01425e+07	360.000000	1.84779e+07	360.000000	2.21709e+07	
370.000000	2.31469e+09	370.000000	1.82922e+09	370.000000	1.8316e+09	370.000000	1.83427e+09	370.000000	1.83239e+09	370.000000	1.30969e+07	370.000000	6.1129e+06	370.000000	2.10125e+07	370.000000	1.92829e+07	370.000000	2.31771e+07	
380.000000	2.42235e+09	380.000000	1.90975e+09	380.000000	1.9123e+09	380.000000	1.91511e+09	380.000000	1.91312e+09	380.000000	1.36144e+07	380.000000	6.36318e+06	380.000000	2.18911e+07	380.000000	2.00971e+07	380.000000	2.41965e+07	
390.000000	2.53143e+09	390.000000	1.99133e+09	390.000000	1.99406e+09	390.000000	1.99702e+09	390.000000	1.99492e+09	390.000000	1.41348e+07	390.000000	6.61588e+06	390.000000	2.27779e+07	390.000000	2.09202e+07	390.000000	2.52287e+07	
400.000000	2.6419e+09	400.000000	2.07394e+09	400.000000	2.07686e+09	400.000000	2.07996e+09	400.000000	2.07775e+09	400.000000	1.46579e+07	400.000000	6.87093e+06	400.000000	2.36727e+07	400.000000	2.17519e+07	400.000000	2.62732e+07	
410.000000	2.75372e+09	410.000000	2.15756e+09	410.000000	2.16066e+09	410.000000	2.1639e+09	410.000000	2.16157e+09	410.000000	1.51835e+07	410.000000	7.12827e+06	410.000000	2.45749e+07	410.000000	2.2592e+07	410.000000	2.73297e+07	
420.000000	2.86687e+09	420.000000	2.24216e+09	420.000000	2.24543e+09	420.000000	2.24882e+09	420.000000	2.24638e+09	420.000000	1.57114e+07	420.000000	7.38774e+06	420.000000	2.54843e+07	420.000000	2.34401e+07	420.000000	2.83979e+07	
430.000000	2.9813e+09	430.000000	2.32771e+09	430.000000	2.33114e+09	430.000000	2.33469e+09	430.000000	2.33213e+09	430.000000	1.62414e+07	430.000000	7.64917e+06	430.000000	2.64006e+07	430.000000	2.4296e+07	430.000000	2.94773e+07	
440.000000	3.09699e+09	440.000000	2.41418e+09	440.000000	2.41778e+09	440.000000	2.42149e+09	440.000000	2.4188e+09	440.000000	1.67733e+07	440.000000	7.91257e+06	440.000000	2.73234e+07	440.000000	2.51593e+07	440.000000	3.05675e+07	
450.000000	3.21391e+09	450.000000	2.50157e+09	450.000000	2.50531e+09	450.000000	2.50918e+09	450.000000	2.50638e+09	450.000000	1.7307e+07	450.000000	8.17798e+06	450.000000	2.82524e+07	450.000000	2.60298e+07	450.000000	3.16683e+07	
460.000000	3.33203e+09	460.000000	2.58983e+09	460.000000	2.59373e+09	460.000000	2.59776e+09	460.000000	2.59483e+09	460.000000	1.78421e+07	460.000000	8.4454e+06	460.000000	2.91873e+07	460.000000	2.69074e+07	460.000000	3.27793e+07	
470.000000	3.45132e+09	470.000000	2.67895e+09	470.000000	2.68299e+09	470.000000	2.68719e+09	470.000000	2.68413e+09	470.000000	1.83787e+07	470.000000	8.71478e+06	470.000000	3.01279e+07	470.000000	2.77916e+07	470.000000	3.39002e+07	
480.000000	3.57175e+09	480.000000	2.76892e+09	480.000000	2.77309e+09	480.000000	2.77745e+09	480.000000	2.77426e+09	480.000000	1.89165e+07	480.000000	8.98599e+06	480.000000	3.10738e+07	480.000000	2.86823e+07	480.000000	3.50307e+07	
490.000000	3.6933e+09	490.000000	2.8597e+09	490.000000	2.864e+09 	490.000000	2.86852e+09	490.000000	2.8652e+09	490.000000	1.94554e+07	490.000000	9.25886e+06	490.000000	3.20248e+07	490.000000	2.95793e+07	490.000000	3.61704e+07	
500.000000	3.81594e+09	500.000000	2.95128e+09	500.000000	2.95569e+09	500.000000	2.96038e+09	500.000000	2.95693e+09	500.000000	1.99952e+07	500.000000	9.53332e+06	500.000000	3.29807e+07	500.000000	3.04824e+07	500.000000	3.73191e+07	
520.000000	4.06438e+09	520.000000	3.13675e+09	520.000000	3.14137e+09	520.000000	3.14639e+09	520.000000	3.14267e+09	520.000000	2.10772e+07	520.000000	1.00872e+07	520.000000	3.49061e+07	520.000000	3.23057e+07	520.000000	3.96422e+07	
540.000000	4.3169e+09	540.000000	3.32518e+09	540.000000	3.32994e+09	540.000000	3.33533e+09	540.000000	3.33133e+09	540.000000	2.21614e+07	540.000000	1.06475e+07	540.000000	3.68481e+07	540.000000	3.41508e+07	540.000000	4.1998e+07	
560.000000	4.57331e+09	560.000000	3.51644e+09	560.000000	3.52129e+09	560.000000	3.52705e+09	560.000000	3.52276e+09	560.000000	2.32471e+07	560.000000	1.12134e+07	560.000000	3.8805e+07	560.000000	3.6016e+07	560.000000	4.43842e+07	
580.000000	4.83343e+09	580.000000	3.71039e+09	580.000000	3.71529e+09	580.000000	3.7214e+09	580.000000	3.71683e+09	580.000000	2.43332e+07	580.000000	1.17847e+07	580.000000	4.07753e+07	580.000000	3.79e+07  	580.000000	4.6799e+07	
600.000000	5.0971e+09	600.000000	3.9069e+09	600.000000	3.91179e+09	600.000000	3.91828e+09	600.000000	3.91341e+09	600.000000	2.54192e+07	600.000000	1.2361e+07	600.000000	4.27576e+07	600.000000	3.98014e+07	600.000000	4.92405e+07	
620.000000	5.36416e+09	620.000000	4.10586e+09	620.000000	4.11068e+09	620.000000	4.11754e+09	620.000000	4.11237e+09	620.000000	2.65044e+07	620.000000	1.29421e+07	620.000000	4.47503e+07	620.000000	4.17189e+07	620.000000	5.17071e+07	
640.000000	5.63446e+09	640.000000	4.30715e+09	640.000000	4.31184e+09	640.000000	4.31908e+09	640.000000	4.3136e+09	640.000000	2.75882e+07	640.000000	1.35278e+07	640.000000	4.67525e+07	640.000000	4.36514e+07	640.000000	5.41971e+07	
660.000000	5.90787e+09	660.000000	4.51067e+09	660.000000	4.51515e+09	660.000000	4.52279e+09	660.000000	4.517e+09 	660.000000	2.867e+07 	660.000000	1.4118e+07	660.000000	4.87627e+07	660.000000	4.55978e+07	660.000000	5.6709e+07	
680.000000	6.18424e+09	680.000000	4.71631e+09	680.000000	4.72051e+09	680.000000	4.72856e+09	680.000000	4.72246e+09	680.000000	2.97494e+07	680.000000	1.47122e+07	680.000000	5.07801e+07	680.000000	4.75569e+07	680.000000	5.92413e+07	
700.000000	6.46344e+09	700.000000	4.92399e+09	700.000000	4.92785e+09	700.000000	4.9363e+09	700.000000	4.92988e+09	700.000000	3.08259e+07	700.000000	1.53105e+07	700.000000	5.28035e+07	700.000000	4.95279e+07	700.000000	6.17926e+07	
720.000000	6.74536e+09	720.000000	5.1336e+09	720.000000	5.13706e+09	720.000000	5.14592e+09	720.000000	5.13917e+09	720.000000	3.18991e+07	720.000000	1.59126e+07	720.000000	5.4832e+07	720.000000	5.15098e+07	720.000000	6.43617e+07	
740.000000	7.02988e+09	740.000000	5.34506e+09	740.000000	5.34806e+09	740.000000	5.35733e+09	740.000000	5.35025e+09	740.000000	3.29687e+07	740.000000	1.65184e+07	740.000000	5.68649e+07	740.000000	5.35017e+07	740.000000	6.69474e+07	
760.000000	7.31688e+09	760.000000	5.55829e+09	760.000000	5.56076e+09	760.000000	5.57044e+09	760.000000	5.56303e+09	760.000000	3.40344e+07	760.000000	1.71277e+07	760.000000	5.89012e+07	760.000000	5.55028e+07	760.000000	6.95484e+07	
780.000000	7.60625e+09	780.000000	5.77321e+09	780.000000	5.77509e+09	780.000000	5.78519e+09	780.000000	5.77744e+09	780.000000	3.50958e+07	780.000000	1.77404e+07	780.000000	6.09403e+07	780.000000	5.75123e+07	780.000000	7.21638e+07	
800.000000	7.8979e+09	800.000000	5.98975e+09	800.000000	5.99097e+09	800.000000	6.00149e+09	800.000000	5.99339e+09	800.000000	3.61528e+07	800.000000	1.83562e+07	800.000000	6.29814e+07	800.000000	5.95295e+07	800.000000	7.47924e+07	
820.000000	8.19171e+09	820.000000	6.20783e+09	820.000000	6.20833e+09	820.000000	6.21927e+09	820.000000	6.21083e+09	820.000000	3.72051e+07	820.000000	1.89747e+07	820.000000	6.50239e+07	820.000000	6.15536e+07	820.000000	7.74333e+07	
840.000000	8.48761e+09	840.000000	6.42739e+09	840.000000	6.42709e+09	840.000000	6.43848e+09	840.000000	6.42969e+09	840.000000	3.82525e+07	840.000000	1.95958e+07	840.000000	6.70673e+07	840.000000	6.35841e+07	840.000000	8.00856e+07	
860.000000	8.78549e+09	860.000000	6.64836e+09	860.000000	6.6472e+09	860.000000	6.65903e+09	860.000000	6.64989e+09	860.000000	3.92948e+07	860.000000	2.02197e+07	860.000000	6.91108e+07	860.000000	6.56204e+07	860.000000	8.27484e+07	
880.000000	9.08528e+09	880.000000	6.87068e+09	880.000000	6.8686e+09	880.000000	6.88088e+09	880.000000	6.87139e+09	880.000000	4.03319e+07	880.000000	2.08465e+07	880.000000	7.11541e+07	880.000000	6.76618e+07	880.000000	8.54208e+07	
900.000000	9.38688e+09	900.000000	7.09428e+09	900.000000	7.09124e+09	900.000000	7.10397e+09	900.000000	7.09412e+09	900.000000	4.13637e+07	900.000000	2.14759e+07	900.000000	7.31966e+07	900.000000	6.97077e+07	900.000000	8.8102e+07	
920.000000	9.69021e+09	920.000000	7.31912e+09	920.000000	7.31506e+09	920.000000	7.32824e+09	920.000000	7.31802e+09	920.000000	4.23899e+07	920.000000	2.21077e+07	920.000000	7.52379e+07	920.000000	7.17578e+07	920.000000	9.07914e+07	
940.000000	9.9952e+09	940.000000	7.54514e+09	940.000000	7.54001e+09	940.000000	7.55364e+09	940.000000	7.54306e+09	940.000000	4.34106e+07	940.000000	2.27417e+07	940.000000	7.72776e+07	940.000000	7.38114e+07	940.000000	9.34882e+07	
960.000000	1.03018e+10	960.000000	7.77228e+09	960.000000	7.76603e+09	960.000000	7.78011e+09	960.000000	7.76917e+09	960.000000	4.44256e+07	960.000000	2.33778e+07	960.000000	7.93153e+07	960.000000	7.58681e+07	960.000000	9.61917e+07	
980.000000	1.06099e+10	980.000000	8.0005e+09	980.000000	7.99309e+09	980.000000	8.00762e+09	980.000000	7.99631e+09	980.000000	4.54348e+07	980.000000	2.40161e+07	980.000000	8.13505e+07	980.000000	7.79275e+07	980.000000	9.89013e+07	
1000.000000	1.09194e+10	1000.000000	8.22975e+09	1000.000000	8.22113e+09	1000.000000	8.23612e+09	1000.000000	8.22444e+09	1000.000000	4.64383e+07	1000.000000	2.46568e+07	1000.000000	8.33831e+07	1000.000000	7.99892e+07	1000.000000	1.01616e+08	
1020.000000	1.12303e+10	1020.000000	8.45998e+09	1020.000000	8.45012e+09	1020.000000	8.46556e+09	1020.000000	8.45351e+09	1020.000000	4.74358e+07	1020.000000	2.52997e+07	1020.000000	8.54127e+07	1020.000000	8.20527e+07	1020.000000	1.04336e+08	
1040.000000	1.15425e+10	1040.000000	8.69115e+09	1040.000000	8.68001e+09	1040.000000	8.69591e+09	1040.000000	8.68348e+09	1040.000000	4.84275e+07	1040.000000	2.59448e+07	1040.000000	8.7439e+07	1040.000000	8.41178e+07	1040.000000	1.07061e+08	
1060.000000	1.1856e+10	1060.000000	8.92322e+09	1060.000000	8.91077e+09	1060.000000	8.92712e+09	1060.000000	8.91431e+09	1060.000000	4.94132e+07	1060.000000	2.65918e+07	1060.000000	8.94616e+07	1060.000000	8.61839e+07	1060.000000	1.09789e+08	
1080.000000	1.21706e+10	1080.000000	9.15614e+09	1080.000000	9.14235e+09	1080.000000	9.15916e+09	1080.000000	9.14597e+09	1080.000000	5.03929e+07	1080.000000	2.72406e+07	1080.000000	9.14805e+07	1080.000000	8.82509e+07	1080.000000	1.1252e+08	
1100.000000	1.24864e+10	1100.000000	9.38988e+09	1100.000000	9.37473e+09	1100.000000	9.39199e+09	1100.000000	9.37842e+09	1100.000000	5.13667e+07	1100.000000	2.7891e+07	1100.000000	9.34953e+07	1100.000000	9.03184e+07	1100.000000	1.15255e+08	
1120.000000	1.28033e+10	1120.000000	9.6244e+09	1120.000000	9.60785e+09	1120.000000	9.62557e+09	1120.000000	9.61162e+09	1120.000000	5.23344e+07	1120.000000	2.85432e+07	1120.000000	9.55058e+07	1120.000000	9.2386e+07	1120.000000	1.17992e+08	
1140.000000	1.31212e+10	1140.000000	9.85967e+09	1140.000000	9.8417e+09	1140.000000	9.85988e+09	1140.000000	9.84555e+09	1140.000000	5.32962e+07	1140.000000	2.91969e+07	1140.000000	9.75119e+07	1140.000000	9.44536e+07	1140.000000	1.20731e+08	
1160.000000	1.34401e+10	1160.000000	1.00956e+10	1160.000000	1.00762e+10	1160.000000	1.00949e+10	1160.000000	1.00802e+10	1160.000000	5.42519e+07	1160.000000	2.98523e+07	1160.000000	9.95133e+07	1160.000000	9.65208e+07	1160.000000	1.23471e+08	
1180.000000	1.37599e+10	1180.000000	1.03323e+10	1180.000000	1.03114e+10	1180.000000	1.03306e+10	1180.000000	1.03154e+10	1180.000000	5.52017e+07	1180.000000	3.05093e+07	1180.000000	1.0151e+08	1180.000000	9.85874e+07	1180.000000	1.26213e+08	
1200.000000	1.40806e+10	1200.000000	1.05696e+10	1200.000000	1.05473e+10	1200.000000	1.05669e+10	1200.000000	1.05514e+10	1200.000000	5.61455e+07	1200.000000	3.11678e+07	1200.000000	1.03502e+08	1200.000000	1.00653e+08	1200.000000	1.28956e+08	
1220.000000	1.44021e+10	1220.000000	1.08075e+10	1220.000000	1.07837e+10	1220.000000	1.08038e+10	1220.000000	1.07879e+10	1220.000000	5.70833e+07	1220.000000	3.18279e+07	1220.000000	1.05488e+08	1220.000000	1.02718e+08	1220.000000	1.31699e+08	
1240.000000	1.47244e+10	1240.000000	1.1046e+10	1240.000000	1.10207e+10	1240.000000	1.10413e+10	1240.000000	1.1025e+10	1240.000000	5.80152e+07	1240.000000	3.24894e+07	1240.000000	1.07469e+08	1240.000000	1.04781e+08	1240.000000	1.34442e+08	
1260.000000	1.50474e+10	1260.000000	1.1285e+10	1260.000000	1.12582e+10	1260.000000	1.12793e+10	1260.000000	1.12626e+10	1260.000000	5.89411e+07	1260.000000	3.31524e+07	1260.000000	1.09445e+08	1260.000000	1.06843e+08	1260.000000	1.37185e+08	
1280.000000	1.53711e+10	1280.000000	1.15246e+10	1280.000000	1.14963e+10	1280.000000	1.15179e+10	1280.000000	1.15008e+10	1280.000000	5.98612e+07	1280.000000	3.38169e+07	1280.000000	1.11416e+08	1280.000000	1.08903e+08	1280.000000	1.39928e+08	
1300.000000	1.56955e+10	1300.000000	1.17647e+10	1300.000000	1.17349e+10	1300.000000	1.1757e+10	1300.000000	1.17395e+10	1300.000000	6.07753e+07	1300.000000	3.44827e+07	1300.000000	1.13381e+08	1300.000000	1.10962e+08	1300.000000	1.4267e+08	
1320.000000	1.60205e+10	1320.000000	1.20052e+10	1320.000000	1.1974e+10	1320.000000	1.19965e+10	1320.000000	1.19787e+10	1320.000000	6.16837e+07	1320.000000	3.51499e+07	1320.000000	1.1534e+08	1320.000000	1.13018e+08	1320.000000	1.45411e+08	
1340.000000	1.63461e+10	1340.000000	1.22462e+10	1340.000000	1.22136e+10	1340.000000	1.22366e+10	1340.000000	1.22183e+10	1340.000000	6.25862e+07	1340.000000	3.58185e+07	1340.000000	1.17293e+08	1340.000000	1.15072e+08	1340.000000	1.48151e+08	
1360.000000	1.66723e+10	1360.000000	1.24877e+10	1360.000000	1.24536e+10	1360.000000	1.24771e+10	1360.000000	1.24584e+10	1360.000000	6.3483e+07	1360.000000	3.64884e+07	1360.000000	1.19241e+08	1360.000000	1.17124e+08	1360.000000	1.5089e+08	
1380.000000	1.6999e+10	1380.000000	1.27295e+10	1380.000000	1.2694e+10	1380.000000	1.2718e+10	1380.000000	1.26989e+10	1380.000000	6.43741e+07	1380.000000	3.71596e+07	1380.000000	1.21182e+08	1380.000000	1.19173e+08	1380.000000	1.53627e+08	
1400.000000	1.73261e+10	1400.000000	1.29717e+10	1400.000000	1.29348e+10	1400.000000	1.29593e+10	1400.000000	1.29398e+10	1400.000000	6.52595e+07	1400.000000	3.78321e+07	1400.000000	1.23118e+08	1400.000000	1.21219e+08	1400.000000	1.56362e+08	
1420.000000	1.76537e+10	1420.000000	1.32143e+10	1420.000000	1.31761e+10	1420.000000	1.3201e+10	1420.000000	1.31811e+10	1420.000000	6.61392e+07	1420.000000	3.85058e+07	1420.000000	1.25048e+08	1420.000000	1.23263e+08	1420.000000	1.59094e+08	
1440.000000	1.79817e+10	1440.000000	1.34572e+10	1440.000000	1.34177e+10	1440.000000	1.34431e+10	1440.000000	1.34228e+10	1440.000000	6.70134e+07	1440.000000	3.91808e+07	1440.000000	1.26972e+08	1440.000000	1.25304e+08	1440.000000	1.61825e+08	
1460.000000	1.83101e+10	1460.000000	1.37005e+10	1460.000000	1.36596e+10	1460.000000	1.36855e+10	1460.000000	1.36649e+10	1460.000000	6.7882e+07	1460.000000	3.9857e+07	1460.000000	1.28889e+08	1460.000000	1.27342e+08	1460.000000	1.64553e+08	
1480.000000	1.86388e+10	1480.000000	1.3944e+10	1480.000000	1.39019e+10	1480.000000	1.39283e+10	1480.000000	1.39072e+10	1480.000000	6.8745e+07	1480.000000	4.05344e+07	1480.000000	1.308e+08 	1480.000000	1.29376e+08	1480.000000	1.67278e+08	
1500.000000	1.89679e+10	1500.000000	1.41878e+10	1500.000000	1.41445e+10	1500.000000	1.41714e+10	1500.000000	1.41499e+10	1500.000000	6.96026e+07	1500.000000	4.1213e+07	1500.000000	1.32705e+08	1500.000000	1.31408e+08	1500.000000	1.70001e+08	
1520.000000	1.92972e+10	1520.000000	1.44319e+10	1520.000000	1.43874e+10	1520.000000	1.44148e+10	1520.000000	1.43929e+10	1520.000000	7.04548e+07	1520.000000	4.18928e+07	1520.000000	1.34604e+08	1520.000000	1.33436e+08	1520.000000	1.7272e+08	
1540.000000	1.96268e+10	1540.000000	1.46763e+10	1540.000000	1.46306e+10	1540.000000	1.46585e+10	1540.000000	1.46362e+10	1540.000000	7.13017e+07	1540.000000	4.25737e+07	1540.000000	1.36497e+08	1540.000000	1.35461e+08	1540.000000	1.75437e+08	
1560.000000	1.99567e+10	1560.000000	1.49209e+10	1560.000000	1.48741e+10	1560.000000	1.49024e+10	1560.000000	1.48798e+10	1560.000000	7.21432e+07	1560.000000	4.32558e+07	1560.000000	1.38383e+08	1560.000000	1.37482e+08	1560.000000	1.7815e+08	
1580.000000	2.02868e+10	1580.000000	1.51656e+10	1580.000000	1.51179e+10	1580.000000	1.51467e+10	1580.000000	1.51236e+10	1580.000000	7.29794e+07	1580.000000	4.3939e+07	1580.000000	1.40263e+08	1580.000000	1.395e+08 	1580.000000	1.80859e+08	
1600.000000	2.0617e+10	1600.000000	1.54106e+10	1600.000000	1.53619e+10	1600.000000	1.53912e+10	1600.000000	1.53677e+10	1600.000000	7.38104e+07	1600.000000	4.46233e+07	1600.000000	1.42137e+08	1600.000000	1.41514e+08	1600.000000	1.83565e+08	
1620.000000	2.09475e+10	1620.000000	1.56558e+10	1620.000000	1.56062e+10	1620.000000	1.56359e+10	1620.000000	1.56121e+10	1620.000000	7.46362e+07	1620.000000	4.53088e+07	1620.000000	1.44005e+08	1620.000000	1.43524e+08	1620.000000	1.86268e+08	
1640.000000	2.1278e+10	1640.000000	1.59011e+10	1640.000000	1.58507e+10	1640.000000	1.58809e+10	1640.000000	1.58566e+10	1640.000000	7.54569e+07	1640.000000	4.59954e+07	1640.000000	1.45866e+08	1640.000000	1.4553e+08	1640.000000	1.88966e+08	
1660.000000	2.16087e+10	1660.000000	1.61466e+10	1660.000000	1.60954e+10	1660.000000	1.61261e+10	1660.000000	1.61014e+10	1660.000000	7.62725e+07	1660.000000	4.66831e+07	1660.000000	1.47721e+08	1660.000000	1.47533e+08	1660.000000	1.91661e+08	
1680.000000	2.19395e+10	1680.000000	1.63923e+10	1680.000000	1.63403e+10	1680.000000	1.63715e+10	1680.000000	1.63464e+10	1680.000000	7.70831e+07	1680.000000	4.73719e+07	1680.000000	1.49569e+08	1680.000000	1.49531e+08	1680.000000	1.94352e+08	
1700.000000	2.22704e+10	1700.000000	1.6638e+10	1700.000000	1.65854e+10	1700.000000	1.66171e+10	1700.000000	1.65916e+10	1700.000000	7.78887e+07	1700.000000	4.80618e+07	1700.000000	1.51411e+08	1700.000000	1.51526e+08	1700.000000	1.97038e+08	
1750.000000	2.30978e+10	1750.000000	1.72529e+10	1750.000000	1.7199e+10	1750.000000	1.72319e+10	1750.000000	1.72054e+10	1750.000000	7.98813e+07	1750.000000	4.97911e+07	1750.000000	1.55989e+08	1750.000000	1.56495e+08	1750.000000	2.03736e+08	
1800.000000	2.39253e+10	1800.000000	1.78684e+10	1800.000000	1.78136e+10	1800.000000	1.78478e+10	1800.000000	1.78202e+10	1800.000000	8.18438e+07	1800.000000	5.15267e+07	1800.000000	1.60527e+08	1800.000000	1.61437e+08	1800.000000	2.10406e+08	
1850.000000	2.47525e+10	1850.000000	1.84842e+10	1850.000000	1.84291e+10	1850.000000	1.84645e+10	1850.000000	1.8436e+10	1850.000000	8.37771e+07	1850.000000	5.3268e+07	1850.000000	1.65026e+08	1850.000000	1.66353e+08	1850.000000	2.17047e+08	
1900.000000	2.55793e+10	1900.000000	1.91001e+10	1900.000000	1.90453e+10	1900.000000	1.90821e+10	1900.000000	1.90525e+10	1900.000000	8.56818e+07	1900.000000	5.50149e+07	1900.000000	1.69485e+08	1900.000000	1.71242e+08	1900.000000	2.23658e+08	
1950.000000	2.64053e+10	1950.000000	1.97162e+10	1950.000000	1.96623e+10	1950.000000	1.97002e+10	1950.000000	1.96696e+10	1950.000000	8.75587e+07	1950.000000	5.6767e+07	1950.000000	1.73906e+08	1950.000000	1.76103e+08	1950.000000	2.30239e+08	
2000.000000	2.72304e+10	2000.000000	2.03321e+10	2000.000000	2.02798e+10	2000.000000	2.0319e+10	2000.000000	2.02874e+10	2000.000000	8.94085e+07	2000.000000	5.85245e+07	2000.000000	1.78289e+08	2000.000000	1.80937e+08	2000.000000	2.36788e+08	
2100.000000	2.88769e+10	2100.000000	2.15632e+10	2100.000000	2.15161e+10	2100.000000	2.15578e+10	2100.000000	2.15241e+10	2100.000000	9.30297e+07	2100.000000	6.20556e+07	2100.000000	1.8694e+08	2100.000000	1.90518e+08	2100.000000	2.49789e+08	
2200.000000	3.05174e+10	2200.000000	2.27926e+10	2200.000000	2.27537e+10	2200.000000	2.27978e+10	2200.000000	2.27621e+10	2200.000000	9.65509e+07	2200.000000	6.56092e+07	2200.000000	1.95443e+08	2200.000000	1.99986e+08	2200.000000	2.62658e+08	
2300.000000	3.21504e+10	2300.000000	2.40194e+10	2300.000000	2.39919e+10	2300.000000	2.40385e+10	2300.000000	2.40008e+10	2300.000000	9.99772e+07	2300.000000	6.91854e+07	2300.000000	2.038e+08 	2300.000000	2.09338e+08	2300.000000	2.75393e+08	
2400.000000	3.3775e+10	2400.000000	2.52429e+10	2400.000000	2.52303e+10	2400.000000	2.52794e+10	2400.000000	2.52396e+10	2400.000000	1.03313e+08	2400.000000	7.27834e+07	2400.000000	2.12015e+08	2400.000000	2.18576e+08	2400.000000	2.87992e+08	
2500.000000	3.53901e+10	2500.000000	2.64626e+10	2500.000000	2.64686e+10	2500.000000	2.65201e+10	2500.000000	2.64783e+10	2500.000000	1.06564e+08	2500.000000	7.64022e+07	2500.000000	2.20093e+08	2500.000000	2.277e+08 	2500.000000	3.00453e+08	
2600.000000	3.69951e+10	2600.000000	2.76781e+10	2600.000000	2.77063e+10	2600.000000	2.77602e+10	2600.000000	2.77164e+10	2600.000000	1.09734e+08	2600.000000	8.00408e+07	2600.000000	2.28038e+08	2600.000000	2.36711e+08	2600.000000	3.12778e+08	
2700.000000	3.85891e+10	2700.000000	2.88887e+10	2700.000000	2.89432e+10	2700.000000	2.89995e+10	2700.000000	2.89536e+10	2700.000000	1.12827e+08	2700.000000	8.36985e+07	2700.000000	2.35853e+08	2700.000000	2.45609e+08	2700.000000	3.24966e+08	
2800.000000	4.01717e+10	2800.000000	3.00943e+10	2800.000000	3.0179e+10	2800.000000	3.02377e+10	2800.000000	3.01899e+10	2800.000000	1.15846e+08	2800.000000	8.7375e+07	2800.000000	2.43543e+08	2800.000000	2.54397e+08	2800.000000	3.37019e+08	
2900.000000	4.17423e+10	2900.000000	3.12944e+10	2900.000000	3.14136e+10	2900.000000	3.14747e+10	2900.000000	3.14248e+10	2900.000000	1.18795e+08	2900.000000	9.10699e+07	2900.000000	2.51111e+08	2900.000000	2.63077e+08	2900.000000	3.48938e+08	
3000.000000	4.33005e+10	3000.000000	3.24888e+10	3000.000000	3.26467e+10	3000.000000	3.27102e+10	3000.000000	3.26583e+10	3000.000000	1.21678e+08	3000.000000	9.4783e+07	3000.000000	2.58562e+08	3000.000000	2.71649e+08	3000.000000	3.60725e+08	
3200.000000	4.63783e+10	3200.000000	3.48597e+10	3200.000000	3.51081e+10	3200.000000	3.51763e+10	3200.000000	3.51205e+10	3200.000000	1.27257e+08	3200.000000	1.02264e+08	3200.000000	2.73124e+08	3200.000000	2.88481e+08	3200.000000	3.83907e+08	
3400.000000	4.94032e+10	3400.000000	3.72054e+10	3400.000000	3.75623e+10	3400.000000	3.76352e+10	3400.000000	3.75755e+10	3400.000000	1.32605e+08	3400.000000	1.09817e+08	3400.000000	2.87258e+08	3400.000000	3.04909e+08	3400.000000	4.06583e+08	
3600.000000	5.23739e+10	3600.000000	3.95249e+10	3600.000000	4.00085e+10	3600.000000	4.00863e+10	3600.000000	4.00226e+10	3600.000000	1.37742e+08	3600.000000	1.17442e+08	3600.000000	3.0099e+08	3600.000000	3.20949e+08	3600.000000	4.28768e+08	
3800.000000	5.52895e+10	3800.000000	4.18177e+10	3800.000000	4.24465e+10	3800.000000	4.2529e+10	3800.000000	4.24615e+10	3800.000000	1.42685e+08	3800.000000	1.2514e+08	3800.000000	3.14345e+08	3800.000000	3.36619e+08	3800.000000	4.50482e+08	
4000.000000	5.81498e+10	4000.000000	4.40832e+10	4000.000000	4.4876e+10	4000.000000	4.49632e+10	4000.000000	4.48918e+10	4000.000000	1.4745e+08	4000.000000	1.32909e+08	4000.000000	3.27344e+08	4000.000000	3.51934e+08	4000.000000	4.71743e+08	
4200.000000	6.09549e+10	4200.000000	4.63213e+10	4200.000000	4.72968e+10	4200.000000	4.73886e+10	4200.000000	4.73134e+10	4200.000000	1.5205e+08	4200.000000	1.4075e+08	4200.000000	3.40009e+08	4200.000000	3.6691e+08	4200.000000	4.92568e+08	
4400.000000	6.37052e+10	4400.000000	4.85319e+10	4400.000000	4.97088e+10	4400.000000	4.98052e+10	4400.000000	4.97263e+10	4400.000000	1.56499e+08	4400.000000	1.4866e+08	4400.000000	3.52358e+08	4400.000000	3.81562e+08	4400.000000	5.12975e+08	
4600.000000	6.64013e+10	4600.000000	5.0715e+10	4600.000000	5.2112e+10	4600.000000	5.2213e+10	4600.000000	5.21303e+10	4600.000000	1.60807e+08	4600.000000	1.5664e+08	4600.000000	3.6441e+08	4600.000000	3.95904e+08	4600.000000	5.32981e+08	
4800.000000	6.90439e+10	4800.000000	5.2871e+10	4800.000000	5.45065e+10	4800.000000	5.46121e+10	4800.000000	5.45257e+10	4800.000000	1.64983e+08	4800.000000	1.64687e+08	4800.000000	3.76181e+08	4800.000000	4.0995e+08	4800.000000	5.52602e+08	
5000.000000	7.16339e+10	5000.000000	5.49999e+10	5000.000000	5.68923e+10	5000.000000	5.70024e+10	5000.000000	5.69123e+10	5000.000000	1.69037e+08	5000.000000	1.72801e+08	5000.000000	3.87685e+08	5000.000000	4.23712e+08	5000.000000	5.71854e+08	
5250.000000	7.47988e+10	5250.000000	5.76236e+10	5250.000000	5.98626e+10	5250.000000	5.99782e+10	5250.000000	5.98835e+10	5250.000000	1.73945e+08	5250.000000	1.83034e+08	5250.000000	4.01712e+08	5250.000000	4.40534e+08	5250.000000	5.95422e+08	
5500.000000	7.7885e+10	5500.000000	6.02064e+10	5500.000000	6.28197e+10	5500.000000	6.29408e+10	5500.000000	6.28416e+10	5500.000000	1.78688e+08	5500.000000	1.93368e+08	5500.000000	4.15369e+08	5500.000000	4.56955e+08	5500.000000	6.18464e+08	
6000.000000	8.38299e+10	6000.000000	6.52522e+10	6000.000000	6.86955e+10	6000.000000	6.88274e+10	6000.000000	6.87194e+10	6000.000000	1.87728e+08	6000.000000	2.14325e+08	6000.000000	4.41662e+08	6000.000000	4.88673e+08	6000.000000	6.6307e+08	
6500.000000	8.94859e+10	6500.000000	7.0144e+10	6500.000000	7.45222e+10	6500.000000	7.46647e+10	6500.000000	7.4548e+10	6500.000000	1.96243e+08	6500.000000	2.35658e+08	6500.000000	4.66722e+08	6500.000000	5.19016e+08	6500.000000	7.05859e+08	
7000.000000	9.48707e+10	7000.000000	7.48891e+10	7000.000000	8.03022e+10	7000.000000	8.04551e+10	7000.000000	8.03299e+10	7000.000000	2.04298e+08	7000.000000	2.57359e+08	7000.000000	4.90681e+08	7000.000000	5.48111e+08	7000.000000	7.46993e+08	
7500.000000	1.00001e+11	7500.000000	7.94946e+10	7500.000000	8.60379e+10	7500.000000	8.6201e+10	7500.000000	8.60674e+10	7500.000000	2.11951e+08	7500.000000	2.79414e+08	7500.000000	5.1365e+08	7500.000000	5.76073e+08	7500.000000	7.86618e+08	
8000.000000	1.04894e+11	8000.000000	8.39675e+10	8000.000000	9.17316e+10	8000.000000	9.19048e+10	8000.000000	9.1763e+10	8000.000000	2.19246e+08	8000.000000	3.01818e+08	8000.000000	5.35726e+08	8000.000000	6.02998e+08	8000.000000	8.24857e+08	
8500.000000	1.09564e+11	8500.000000	8.83144e+10	8500.000000	9.73855e+10	8500.000000	9.75686e+10	8500.000000	9.74187e+10	8500.000000	2.26222e+08	8500.000000	3.2456e+08	8500.000000	5.5699e+08	8500.000000	6.28972e+08	8500.000000	8.61823e+08	
9000.000000	1.14025e+11	9000.000000	9.25418e+10	9000.000000	1.03002e+11	9000.000000	1.03195e+11	9000.000000	1.03037e+11	9000.000000	2.3291e+08	9000.000000	3.47614e+08	9000.000000	5.77511e+08	9000.000000	6.54072e+08	9000.000000	8.97612e+08	
9500.000000	1.18291e+11	9500.000000	9.66557e+10	9500.000000	1.08583e+11	9500.000000	1.08785e+11	9500.000000	1.08619e+11	9500.000000	2.3934e+08	9500.000000	3.70967e+08	9500.000000	5.97353e+08	9500.000000	6.78363e+08	9500.000000	9.32313e+08	
10000.000000	1.22374e+11	10000.000000	1.00662e+11	10000.000000	1.14129e+11	10000.000000	1.1434e+11	10000.000000	1.14167e+11	10000.000000	2.45533e+08	10000.000000	3.94623e+08	10000.000000	6.16568e+08	10000.000000	7.01906e+08	10000.000000	9.66002e+08	
11000.000000	1.30035e+11	11000.000000	1.08371e+11	11000.000000	1.25127e+11	11000.000000	1.25356e+11	11000.000000	1.25168e+11	11000.000000	2.57291e+08	11000.000000	4.42849e+08	11000.000000	6.53303e+08	11000.000000	7.46951e+08	11000.000000	1.03062e+09	
12000.000000	1.3709e+11	12000.000000	1.15709e+11	12000.000000	1.36007e+11	12000.000000	1.36253e+11	12000.000000	1.3605e+11	12000.000000	2.68319e+08	12000.000000	4.92266e+08	12000.000000	6.88038e+08	12000.000000	7.89567e+08	12000.000000	1.09194e+09	
13000.000000	1.43607e+11	13000.000000	1.22709e+11	13000.000000	1.46779e+11	13000.000000	1.47042e+11	13000.000000	1.46825e+11	13000.000000	2.78722e+08	13000.000000	5.42818e+08	13000.000000	7.21025e+08	13000.000000	8.30049e+08	13000.000000	1.15034e+09	
14000.000000	1.49647e+11	14000.000000	1.29401e+11	14000.000000	1.57451e+11	14000.000000	1.57732e+11	14000.000000	1.575e+11 	14000.000000	2.88582e+08	14000.000000	5.94435e+08	14000.000000	7.52474e+08	14000.000000	8.68637e+08	14000.000000	1.20617e+09	
15000.000000	1.55259e+11	15000.000000	1.3581e+11	15000.000000	1.68033e+11	15000.000000	1.68329e+11	15000.000000	1.68084e+11	15000.000000	2.97966e+08	15000.000000	6.47059e+08	15000.000000	7.82554e+08	15000.000000	9.05533e+08	15000.000000	1.25967e+09	
16000.000000	1.60489e+11	16000.000000	1.41961e+11	16000.000000	1.78529e+11	16000.000000	1.78842e+11	16000.000000	1.78584e+11	16000.000000	3.06929e+08	16000.000000	7.00651e+08	16000.000000	8.11407e+08	16000.000000	9.40908e+08	16000.000000	1.31108e+09	
17000.000000	1.65374e+11	17000.000000	1.47873e+11	17000.000000	1.88947e+11	17000.000000	1.89275e+11	17000.000000	1.89004e+11	17000.000000	3.15517e+08	17000.000000	7.55186e+08	17000.000000	8.39155e+08	17000.000000	9.74905e+08	17000.000000	1.3606e+09	
18000.000000	1.69947e+11	18000.000000	1.53565e+11	18000.000000	1.99291e+11	18000.000000	1.99634e+11	18000.000000	1.99351e+11	18000.000000	3.23767e+08	18000.000000	8.10646e+08	18000.000000	8.65898e+08	18000.000000	1.00765e+09	18000.000000	1.40838e+09	
19000.000000	1.74238e+11	19000.000000	1.59052e+11	19000.000000	2.09566e+11	19000.000000	2.09924e+11	19000.000000	2.09628e+11	19000.000000	3.31712e+08	19000.000000	8.67013e+08	19000.000000	8.91725e+08	19000.000000	1.03925e+09	19000.000000	1.45459e+09	
20000.000000	1.78272e+11	20000.000000	1.64349e+11	20000.000000	2.19776e+11	20000.000000	2.20149e+11	20000.000000	2.19841e+11	20000.000000	3.3938e+08	20000.000000	9.2427e+08	20000.000000	9.16714e+08	20000.000000	1.06979e+09	20000.000000	1.49934e+09	
21000.000000	1.82072e+11	21000.000000	1.6947e+11	21000.000000	2.29925e+11	21000.000000	2.30312e+11	21000.000000	2.29992e+11	21000.000000	3.46794e+08	21000.000000	9.82398e+08	21000.000000	9.40928e+08	21000.000000	1.09937e+09	21000.000000	1.54274e+09	
22000.000000	1.85657e+11	22000.000000	1.74425e+11	22000.000000	2.40015e+11	22000.000000	2.40417e+11	22000.000000	2.40085e+11	22000.000000	3.53975e+08	22000.000000	1.04137e+09	22000.000000	9.64429e+08	22000.000000	1.12805e+09	22000.000000	1.58489e+09	
23000.000000	1.89045e+11	23000.000000	1.79225e+11	23000.000000	2.50051e+11	23000.000000	2.50467e+11	23000.000000	2.50124e+11	23000.000000	3.60942e+08	23000.000000	1.10117e+09	23000.000000	9.87266e+08	23000.000000	1.15589e+09	23000.000000	1.62589e+09	
24000.000000	1.92252e+11	24000.000000	1.83881e+11	24000.000000	2.60035e+11	24000.000000	2.60464e+11	24000.000000	2.60111e+11	24000.000000	3.67711e+08	24000.000000	1.16178e+09	24000.000000	1.00949e+09	24000.000000	1.18296e+09	24000.000000	1.6658e+09	
25000.000000	1.95292e+11	25000.000000	1.884e+11 	25000.000000	2.6997e+11	25000.000000	2.70412e+11	25000.000000	2.70048e+11	25000.000000	3.74295e+08	25000.000000	1.22312e+09	25000.000000	1.03113e+09	25000.000000	1.2093e+09	25000.000000	1.70471e+09	
26000.000000	1.98178e+11	26000.000000	1.92791e+11	26000.000000	2.79857e+11	26000.000000	2.80313e+11	26000.000000	2.79938e+11	26000.000000	3.80707e+08	26000.000000	1.28517e+09	26000.000000	1.05223e+09	26000.000000	1.23496e+09	26000.000000	1.74266e+09	
27000.000000	2.00921e+11	27000.000000	1.9706e+11	27000.000000	2.89699e+11	27000.000000	2.90168e+11	27000.000000	2.89783e+11	27000.000000	3.86959e+08	27000.000000	1.34793e+09	27000.000000	1.07283e+09	27000.000000	1.25999e+09	27000.000000	1.77972e+09	
28000.000000	2.03531e+11	28000.000000	2.01215e+11	28000.000000	2.99499e+11	28000.000000	2.99979e+11	28000.000000	2.99585e+11	28000.000000	3.93062e+08	28000.000000	1.41144e+09	28000.000000	1.09296e+09	28000.000000	1.28441e+09	28000.000000	1.81594e+09	
29000.000000	2.06018e+11	29000.000000	2.05262e+11	29000.000000	3.09257e+11	29000.000000	3.0975e+11	29000.000000	3.09345e+11	29000.000000	3.99023e+08	29000.000000	1.47567e+09	29000.000000	1.11263e+09	29000.000000	1.30827e+09	29000.000000	1.85137e+09	
30000.000000	2.08391e+11	30000.000000	2.09206e+11	30000.000000	3.18975e+11	30000.000000	3.1948e+11	30000.000000	3.19066e+11	30000.000000	4.04852e+08	30000.000000	1.54056e+09	30000.000000	1.13188e+09	30000.000000	1.3316e+09	30000.000000	1.88605e+09	
32000.000000	2.12822e+11	32000.000000	2.16807e+11	32000.000000	3.383e+11 	32000.000000	3.38828e+11	32000.000000	3.38396e+11	32000.000000	4.16141e+08	32000.000000	1.67228e+09	32000.000000	1.16919e+09	32000.000000	1.37676e+09	32000.000000	1.95331e+09	
34000.000000	2.16877e+11	34000.000000	2.24056e+11	34000.000000	3.57484e+11	34000.000000	3.58033e+11	34000.000000	3.57584e+11	34000.000000	4.26982e+08	34000.000000	1.80656e+09	34000.000000	1.20505e+09	34000.000000	1.42009e+09	34000.000000	2.01801e+09	
36000.000000	2.20603e+11	36000.000000	2.30983e+11	36000.000000	3.76538e+11	36000.000000	3.77107e+11	36000.000000	3.76642e+11	36000.000000	4.37421e+08	36000.000000	1.94333e+09	36000.000000	1.2396e+09	36000.000000	1.46177e+09	36000.000000	2.08037e+09	
38000.000000	2.24036e+11	38000.000000	2.37618e+11	38000.000000	3.95469e+11	38000.000000	3.96058e+11	38000.000000	3.95578e+11	38000.000000	4.47493e+08	38000.000000	2.08244e+09	38000.000000	1.27295e+09	38000.000000	1.50194e+09	38000.000000	2.14061e+09	
40000.000000	2.2721e+11	40000.000000	2.43984e+11	40000.000000	4.14286e+11	40000.000000	4.14893e+11	40000.000000	4.14399e+11	40000.000000	4.57233e+08	40000.000000	2.22372e+09	40000.000000	1.30521e+09	40000.000000	1.54074e+09	40000.000000	2.19889e+09	
42000.000000	2.30153e+11	42000.000000	2.50104e+11	42000.000000	4.32996e+11	42000.000000	4.33619e+11	42000.000000	4.33113e+11	42000.000000	4.66668e+08	42000.000000	2.36711e+09	42000.000000	1.33645e+09	42000.000000	1.57827e+09	42000.000000	2.25538e+09	
44000.000000	2.32887e+11	44000.000000	2.55995e+11	44000.000000	4.51604e+11	44000.000000	4.52244e+11	44000.000000	4.51726e+11	44000.000000	4.75822e+08	44000.000000	2.51259e+09	44000.000000	1.36676e+09	44000.000000	1.61462e+09	44000.000000	2.31021e+09	
46000.000000	2.35435e+11	46000.000000	2.61675e+11	46000.000000	4.70116e+11	46000.000000	4.70771e+11	46000.000000	4.70242e+11	46000.000000	4.84717e+08	46000.000000	2.66016e+09	46000.000000	1.3962e+09	46000.000000	1.6499e+09	46000.000000	2.36349e+09	
48000.000000	2.37813e+11	48000.000000	2.6716e+11	48000.000000	4.88538e+11	48000.000000	4.89206e+11	48000.000000	4.88668e+11	48000.000000	4.93372e+08	48000.000000	2.80984e+09	48000.000000	1.42484e+09	48000.000000	1.68416e+09	48000.000000	2.41534e+09	
50000.000000	2.40038e+11	50000.000000	2.72461e+11	50000.000000	5.06873e+11	50000.000000	5.07555e+11	50000.000000	5.07008e+11	50000.000000	5.01804e+08	50000.000000	2.96159e+09	50000.000000	1.45273e+09	50000.000000	1.71748e+09	50000.000000	2.46584e+09	
