! 7Li range in C10F40H180
! apply ZOOM for details
Energy (MeV/u)1	0 - [He-base] F.Hubert et al, AD&ND Tables 46(1990)1	Energy (MeV/u)2	1 - [H -base] J.F.Ziegler et al,Pergamon Press,NY(low energy)	Energy (MeV/u)3	2 - ATIMA 1.2 LS-theory (recommended for high energy)	Energy (MeV/u)4	3 - ATIMA 1.2 without LS-correction	Energy (MeV/u)5	4 - ATIMA 1.4 H.Weick, improved mean charge formula for HI	Energy (MeV/u)6	5 - Range straggling - method [0] - LISE	Energy (MeV/u)7	6 - Range straggling - method [1] - Atima	Energy (MeV/u)8	7 - Lateral range - method [0] - LISE	Energy (MeV/u)9	8 - Lateral range - method [1] - Atima	Energy (MeV/u)10	9 - Lateral range - method [2] - PDG	
0.001000	344.668   	0.001000	344.668   	0.001000	266.567   	0.001000	266.567   	0.001000	266.613   	0.001000	0         	0.001000	0         	0.001000	3.85804   	0.001000	7.84925   	0.001000	3.99499   	
0.002000	689.336   	0.002000	689.336   	0.002000	533.133   	0.002000	533.133   	0.002000	533.226   	0.002000	23.2541   	0.002000	23.2541   	0.002000	11.2981   	0.002000	22.2092   	0.002000	12.2492   	
0.005000	1569.86   	0.005000	1569.86   	0.005000	1196.62   	0.005000	1196.62   	0.005000	1196.76   	0.005000	27.4367   	0.005000	27.4367   	0.005000	39.1426   	0.005000	74.4367   	0.005000	44.1291   	
0.008000	2276.93   	0.008000	2276.93   	0.008000	1731.82   	0.008000	1731.82   	0.008000	1731.98   	0.008000	27.571    	0.008000	27.571    	0.008000	69.0819   	0.008000	129.471   	0.008000	79.1287   	
0.010000	2685.93   	0.010000	2685.93   	0.010000	2044.74   	0.010000	2044.74   	0.010000	2044.91   	0.010000	28.0051   	0.010000	28.0051   	0.010000	89.1792   	0.010000	166.057   	0.010000	102.849   	
0.015000	3565.2    	0.015000	3565.2    	0.015000	2731.65   	0.015000	2731.65   	0.015000	2731.82   	0.015000	30.0653   	0.015000	30.0653   	0.015000	139.062   	0.015000	255.949   	0.015000	162.411   	
0.020000	4304.17   	0.020000	4304.17   	0.020000	3335.55   	0.020000	3335.55   	0.020000	3335.72   	0.020000	32.763    	0.020000	32.763    	0.020000	184.96    	0.020000	334.402   	0.020000	222.729   	
0.025000	4935.38   	0.025000	4935.38   	0.025000	3879.21   	0.025000	3879.21   	0.025000	3879.39   	0.025000	35.4976   	0.025000	35.4976   	0.025000	227.015   	0.025000	402.821   	0.025000	277.066   	
0.030000	5487.41   	0.030000	5487.41   	0.030000	4375      	0.030000	4375      	0.030000	4375.18   	0.030000	38.0362   	0.030000	38.0362   	0.030000	266.528   	0.030000	465.13    	0.030000	317.255   	
0.035000	5984.72   	0.035000	5984.72   	0.035000	4832.53   	0.035000	4832.53   	0.035000	4832.71   	0.035000	40.3316   	0.035000	40.3316   	0.035000	303.845   	0.035000	522.67    	0.035000	348.75    	
0.040000	6442.17   	0.040000	6442.17   	0.040000	5259.13   	0.040000	5259.13   	0.040000	5259.31   	0.040000	42.3984   	0.040000	42.3984   	0.040000	337.525   	0.040000	573.977   	0.040000	374.624   	
0.045000	6868.7    	0.045000	6868.7    	0.045000	5660.23   	0.045000	5660.23   	0.045000	5660.41   	0.045000	44.2653   	0.045000	44.2653   	0.045000	365.431   	0.045000	615.948   	0.045000	396.835   	
0.050000	7270.17   	0.050000	7270.17   	0.050000	6040.05   	0.050000	6040.05   	0.050000	6040.23   	0.050000	45.9621   	0.050000	45.8965   	0.050000	388.703   	0.050000	650.792   	0.050000	415.757   	
0.055000	7650.54   	0.055000	7650.54   	0.055000	6401.88   	0.055000	6401.88   	0.055000	6402.06   	0.055000	47.5156   	0.055000	47.3394   	0.055000	409.031   	0.055000	681.146   	0.055000	432.539   	
0.060000	8012.74   	0.060000	8012.74   	0.060000	6748.38   	0.060000	6748.38   	0.060000	6748.56   	0.060000	48.9487   	0.060000	48.659    	0.060000	427       	0.060000	707.856   	0.060000	447.6     	
0.070000	8692.4    	0.070000	8692.4    	0.070000	7403.66   	0.070000	7403.66   	0.070000	7403.84   	0.070000	51.5267   	0.070000	51.0154   	0.070000	457.591   	0.070000	753.066   	0.070000	473.694   	
0.080000	9324.69   	0.080000	9324.69   	0.080000	8019.16   	0.080000	8019.16   	0.080000	8019.34   	0.080000	53.8128   	0.080000	53.0962   	0.080000	483.203   	0.080000	790.649   	0.080000	495.979   	
0.090000	9920.73   	0.090000	9920.73   	0.090000	8604.32   	0.090000	8604.32   	0.090000	8604.5    	0.090000	55.8878   	0.090000	54.9829   	0.090000	505.386   	0.090000	822.986   	0.090000	515.373   	
0.100000	10488.7   	0.100000	10488.7   	0.100000	9166.07   	0.100000	9166.07   	0.100000	9166.26   	0.100000	57.8086   	0.100000	56.714    	0.100000	524.966   	0.100000	851.353   	0.100000	532.942   	
0.120000	11558.1   	0.120000	11558.1   	0.120000	10239.1   	0.120000	10239.1   	0.120000	10239.3   	0.120000	61.341    	0.120000	59.855    	0.120000	558.657   	0.120000	899.722   	0.120000	563.283   	
0.140000	12563.1   	0.140000	12563.1   	0.140000	11267.6   	0.140000	11267.6   	0.140000	11267.8   	0.140000	64.6276   	0.140000	62.7381   	0.140000	587.722   	0.140000	940.868   	0.140000	590.003   	
0.160000	13527     	0.160000	13527     	0.160000	12270.2   	0.160000	12270.2   	0.160000	12270.4   	0.160000	67.7962   	0.160000	65.4894   	0.160000	613.852   	0.160000	977.368   	0.160000	614.338   	
0.180000	14466.7   	0.180000	14466.7   	0.180000	13259.2   	0.180000	13259.2   	0.180000	13259.4   	0.180000	70.927    	0.180000	68.1857   	0.180000	637.556   	0.180000	1010.19   	0.180000	636.749   	
0.200000	15392.5   	0.200000	15392.5   	0.200000	14243.1   	0.200000	14243.1   	0.200000	14243.3   	0.200000	74.0734   	0.200000	70.877    	0.200000	660.055   	0.200000	1041.05   	0.200000	658.182   	
0.250000	17690.4   	0.250000	17690.4   	0.250000	16716.2   	0.250000	16716.2   	0.250000	16716.4   	0.250000	82.2237   	0.250000	77.7798   	0.250000	711.864   	0.250000	1111.23   	0.250000	708.602   	
0.300000	19981.8   	0.300000	19981.8   	0.300000	19243.5   	0.300000	19243.5   	0.300000	19243.7   	0.300000	90.9602   	0.300000	85.0952   	0.300000	760.65    	0.300000	1176.25   	0.300000	756.967   	
0.350000	22298.3   	0.350000	22298.3   	0.350000	21838.4   	0.350000	21838.4   	0.350000	21838.6   	0.350000	100.281   	0.350000	92.8357   	0.350000	807.223   	0.350000	1237.77   	0.350000	803.829   	
0.400000	24667.2   	0.400000	24667.2   	0.400000	24521.3   	0.400000	24521.3   	0.400000	24521.4   	0.400000	110.312   	0.400000	101.103   	0.400000	852.86    	0.400000	1297.55   	0.400000	850.38    	
0.450000	27108.8   	0.450000	27108.8   	0.450000	27307.1   	0.450000	27307.1   	0.450000	27307.2   	0.450000	121.152   	0.450000	109.97    	0.450000	898.562   	0.450000	1356.93   	0.450000	897.357   	
0.500000	29633.8   	0.500000	29633.8   	0.500000	30202.8   	0.500000	30202.8   	0.500000	30203     	0.500000	132.828   	0.500000	119.451   	0.500000	944.227   	0.500000	1415.98   	0.500000	944.683   	
0.600000	34938.9   	0.600000	34938.9   	0.600000	36329     	0.600000	36329     	0.600000	36329.1   	0.600000	158.584   	0.600000	140.356   	0.600000	1037.08   	0.600000	1535.18   	0.600000	1041.59   	
0.700000	40635.6   	0.700000	40635.6   	0.700000	42898.1   	0.700000	42898.1   	0.700000	42898.2   	0.700000	187.319   	0.700000	164.529   	0.700000	1129.15   	0.700000	1656.33   	0.700000	1141.5    	
0.800000	46704.8   	0.800000	46704.8   	0.800000	49899.8   	0.800000	49899.8   	0.800000	49900     	0.800000	218.767   	0.800000	191.393   	0.800000	1219.53   	0.800000	1780.41   	0.800000	1245.42   	
0.900000	53113.4   	0.900000	53113.4   	0.900000	57323     	0.900000	57323     	0.900000	57323.1   	0.900000	252.715   	0.900000	220.408   	0.900000	1312.54   	0.900000	1907.23   	0.900000	1352.6    	
1.000000	59906.5   	1.000000	59906.5   	1.000000	65167.2   	1.000000	65167.2   	1.000000	65167.3   	1.000000	289.135   	1.000000	251.331   	1.000000	1408.6    	1.000000	2037.23   	1.000000	1463.68   	
1.250000	78685.2   	1.250000	78685.2   	1.250000	86606.4   	1.250000	86606.4   	1.250000	86606.5   	1.250000	390.761   	1.250000	335.999   	1.250000	1662.14   	1.250000	2363.85   	1.250000	1653.41   	
1.500000	100511    	1.500000	100511    	1.500000	110545    	1.500000	110545    	1.500000	110545    	1.500000	506.14    	1.500000	429.287   	1.500000	1933.95   	1.500000	2696.08   	1.500000	1866.09   	
1.750000	125600    	1.750000	125600    	1.750000	136923    	1.750000	136923    	1.750000	136923    	1.750000	634.878   	1.750000	530.408   	1.750000	2213.55   	1.750000	3035.83   	1.750000	2100.75   	
2.000000	153691    	2.000000	153691    	2.000000	165719    	2.000000	165719    	2.000000	165719    	2.000000	777.096   	2.000000	639.215   	2.000000	2471.2    	2.000000	3349.2    	2.000000	2357.02   	
2.250000	184609    	2.250000	184609    	2.250000	196937    	2.250000	196937    	2.250000	196937    	2.250000	933.172   	2.250000	755.845   	2.250000	2750.53   	2.250000	3687.77   	2.250000	2634.88   	
2.500000	218284    	2.500000	218237    	2.500000	230586    	2.500000	230586    	2.500000	230586    	2.500000	1103.49   	2.500000	880.47    	2.500000	3051.53   	2.500000	4051.04   	2.500000	2934.44   	
3.000000	296125    	3.000000	293277    	3.000000	305208    	3.000000	305208    	3.000000	305208    	3.000000	1487.96   	3.000000	1154.18   	3.000000	3718.64   	3.000000	4850.46   	3.000000	3599.07   	
3.500000	384178    	3.500000	378335    	3.500000	389607    	3.500000	389607    	3.500000	389606    	3.500000	1931.97   	3.500000	1460.89   	3.500000	4472.5    	3.500000	5745.25   	3.500000	4351.32   	
4.000000	482259    	4.000000	473145    	4.000000	483754    	4.000000	483754    	4.000000	483754    	4.000000	2436.07   	4.000000	1800.52   	4.000000	5312.96   	4.000000	6733.66   	4.000000	5191.29   	
4.500000	590203    	4.500000	577530    	4.500000	587589    	4.500000	587589    	4.500000	587588    	4.500000	3000.24   	4.500000	2172.45   	4.500000	6239.56   	4.500000	7813.94   	4.500000	6118.75   	
5.000000	707865    	5.000000	691345    	5.000000	701027    	5.000000	701027    	5.000000	701027    	5.000000	3624.12   	5.000000	2576.02   	5.000000	7251.7    	5.000000	8984.43   	5.000000	7133.22   	
5.500000	835113    	5.500000	814457    	5.500000	823976    	5.500000	823976    	5.500000	823976    	5.500000	4307.18   	5.500000	3010.57   	5.500000	8348.51   	5.500000	10243.3   	5.500000	8233.93   	
6.000000	971826    	6.000000	946739    	6.000000	956336    	6.000000	956336    	6.000000	956336    	6.000000	5048.83   	6.000000	3475.46   	6.000000	9529.34   	6.000000	11589.2   	6.000000	9420.32   	
6.500000	1.11789e+06	6.500000	1.08808e+06	6.500000	1.09801e+06	6.500000	1.09801e+06	6.500000	1.09801e+06	6.500000	5848.45   	6.500000	3970.06   	6.500000	10793.3   	6.500000	13020.5   	6.500000	10691.6   	
7.000000	1.27321e+06	7.000000	1.23838e+06	7.000000	1.24891e+06	7.000000	1.24891e+06	7.000000	1.24891e+06	7.000000	6705.48   	7.000000	4493.8    	7.000000	12139.7   	7.000000	14535.8   	7.000000	12047     	
7.500000	1.43768e+06	7.500000	1.39755e+06	7.500000	1.40893e+06	7.500000	1.40893e+06	7.500000	1.40893e+06	7.500000	7619.36   	7.500000	5046.2    	7.500000	13567.7   	7.500000	16133.9   	7.500000	13485.9   	
8.000000	1.61122e+06	8.000000	1.56548e+06	8.000000	1.578e+06 	8.000000	1.578e+06 	8.000000	1.578e+06 	8.000000	8589.61   	8.000000	5626.75   	8.000000	15076.7   	8.000000	17813.5   	8.000000	15007.7   	
8.500000	1.79373e+06	8.500000	1.74211e+06	8.500000	1.75604e+06	8.500000	1.75604e+06	8.500000	1.75604e+06	8.500000	9615.76   	8.500000	6234.91   	8.500000	16666.1   	8.500000	19573.6   	8.500000	16611.6   	
9.000000	1.98515e+06	9.000000	1.92735e+06	9.000000	1.94297e+06	9.000000	1.94297e+06	9.000000	1.94296e+06	9.000000	10697.4   	9.000000	6870.19   	9.000000	18335.1   	9.000000	21413.2   	9.000000	18297.2   	
9.500000	2.18538e+06	9.500000	2.12112e+06	9.500000	2.13871e+06	9.500000	2.13871e+06	9.500000	2.13871e+06	9.500000	11834.2   	9.500000	7532.31   	9.500000	20083.4   	9.500000	23331.4   	9.500000	20064     	
10.000000	2.39437e+06	10.000000	2.32341e+06	10.000000	2.34322e+06	10.000000	2.34322e+06	10.000000	2.34322e+06	10.000000	13025.8   	10.000000	8221.1    	10.000000	21910.2   	10.000000	25327.2   	10.000000	21911.4   	
11.000000	2.83832e+06	11.000000	2.75606e+06	11.000000	2.77851e+06	11.000000	2.77848e+06	11.000000	2.77852e+06	11.000000	15576.5   	11.000000	9680.5    	11.000000	25800.9   	11.000000	29551.7   	11.000000	25849.2   	
12.000000	3.31648e+06	12.000000	3.22268e+06	12.000000	3.24864e+06	12.000000	3.24851e+06	12.000000	3.24867e+06	12.000000	18351     	12.000000	11248.5   	12.000000	30006.6   	12.000000	34084.1   	12.000000	30110.3   	
13.000000	3.82837e+06	13.000000	3.72284e+06	13.000000	3.75318e+06	13.000000	3.75289e+06	13.000000	3.75324e+06	13.000000	21346     	13.000000	12922     	13.000000	34524     	13.000000	38919.2   	13.000000	34691.7   	
14.000000	4.37355e+06	14.000000	4.25615e+06	14.000000	4.29172e+06	14.000000	4.29122e+06	14.000000	4.29183e+06	14.000000	24558.6   	14.000000	14698.3   	14.000000	39350     	14.000000	44052     	14.000000	39590.4   	
15.000000	4.95159e+06	15.000000	4.82223e+06	15.000000	4.86386e+06	15.000000	4.86312e+06	15.000000	4.86405e+06	15.000000	27986.1   	15.000000	16576.1   	15.000000	44481.5   	15.000000	49477.9   	15.000000	44803.5   	
16.000000	5.56212e+06	16.000000	5.42073e+06	16.000000	5.46922e+06	16.000000	5.46822e+06	16.000000	5.46953e+06	16.000000	31625.9   	16.000000	18553.9   	16.000000	49915.5   	16.000000	55192.8   	16.000000	50328.2   	
17.000000	6.20474e+06	17.000000	6.05132e+06	17.000000	6.10744e+06	17.000000	6.10615e+06	17.000000	6.10789e+06	17.000000	35475.3   	17.000000	20629     	17.000000	55649.2   	17.000000	61192.2   	17.000000	56161.7   	
18.000000	6.87913e+06	18.000000	6.71369e+06	18.000000	6.77816e+06	18.000000	6.77657e+06	18.000000	6.77878e+06	18.000000	39531.5   	18.000000	22799.2   	18.000000	61679.4   	18.000000	67472.2   	18.000000	62301.2   	
19.000000	7.58494e+06	19.000000	7.40753e+06	19.000000	7.48102e+06	19.000000	7.47911e+06	19.000000	7.48183e+06	19.000000	43791.8   	19.000000	25063     	19.000000	68003     	19.000000	74028.6   	19.000000	68743.6   	
20.000000	8.32186e+06	20.000000	8.13256e+06	20.000000	8.21566e+06	20.000000	8.21344e+06	20.000000	8.2167e+06	20.000000	48253.2   	20.000000	27418.6   	20.000000	74616.7   	20.000000	80857.3   	20.000000	75485.8   	
21.000000	9.08958e+06	21.000000	8.88851e+06	21.000000	8.98174e+06	21.000000	8.97919e+06	21.000000	8.98303e+06	21.000000	52912.8   	21.000000	29864.3   	21.000000	81517.5   	21.000000	87954.4   	21.000000	82524.9   	
22.000000	9.88781e+06	22.000000	9.67511e+06	22.000000	9.77889e+06	22.000000	9.77601e+06	22.000000	9.78044e+06	22.000000	57767.3   	22.000000	32398.1   	22.000000	88701.8   	22.000000	95315.6   	22.000000	89857.5   	
23.000000	1.07163e+07	23.000000	1.04921e+07	23.000000	1.06067e+07	23.000000	1.06035e+07	23.000000	1.06086e+07	23.000000	62813.5   	23.000000	35018.2   	23.000000	96166.2   	23.000000	102937    	23.000000	97480.4   	
24.000000	1.15747e+07	24.000000	1.13392e+07	24.000000	1.14649e+07	24.000000	1.14614e+07	24.000000	1.14671e+07	24.000000	68048     	24.000000	37722.7   	24.000000	103907    	24.000000	110815    	24.000000	105390    	
25.000000	1.24628e+07	25.000000	1.22163e+07	25.000000	1.23529e+07	25.000000	1.23493e+07	25.000000	1.23556e+07	25.000000	73467.2   	25.000000	40509.7   	25.000000	111921    	25.000000	118944    	25.000000	113583    	
27.000000	1.43272e+07	27.000000	1.40593e+07	27.000000	1.42175e+07	27.000000	1.42134e+07	27.000000	1.4221e+07	27.000000	84845     	27.000000	46323.8   	27.000000	128752    	27.000000	135942    	27.000000	130803    	
29.000000	1.63075e+07	29.000000	1.60192e+07	29.000000	1.61973e+07	29.000000	1.61929e+07	29.000000	1.62017e+07	29.000000	96916.2   	29.000000	52443.4   	29.000000	146627    	29.000000	153897    	29.000000	149111    	
31.000000	1.84019e+07	31.000000	1.80945e+07	31.000000	1.82894e+07	31.000000	1.8285e+07	31.000000	1.82949e+07	31.000000	109655    	31.000000	58851.2   	31.000000	165518    	31.000000	172777    	31.000000	168478    	
33.000000	2.06087e+07	33.000000	2.02835e+07	33.000000	2.04936e+07	33.000000	2.04894e+07	33.000000	2.05002e+07	33.000000	123076    	33.000000	65558.6   	33.000000	185421    	33.000000	192577    	33.000000	188903    	
35.000000	2.29263e+07	35.000000	2.25847e+07	35.000000	2.28087e+07	35.000000	2.28049e+07	35.000000	2.28164e+07	35.000000	137176    	35.000000	72563     	35.000000	206325    	35.000000	213285    	35.000000	210375    	
38.000000	2.66072e+07	38.000000	2.62439e+07	38.000000	2.6486e+07	38.000000	2.64834e+07	38.000000	2.64955e+07	38.000000	159578    	38.000000	83613.1   	38.000000	239527    	38.000000	246013    	38.000000	244520    	
41.000000	3.05292e+07	41.000000	3.01478e+07	41.000000	3.0405e+07	41.000000	3.04041e+07	41.000000	3.04165e+07	41.000000	183456    	41.000000	95308.9   	41.000000	274905    	41.000000	280699    	41.000000	280952    	
44.000000	3.46877e+07	44.000000	3.4292e+07	44.000000	3.45613e+07	44.000000	3.45629e+07	44.000000	3.4575e+07	44.000000	208779    	44.000000	107627    	44.000000	312417    	44.000000	317298    	44.000000	319633    	
47.000000	3.90784e+07	47.000000	3.86724e+07	47.000000	3.89509e+07	47.000000	3.89556e+07	47.000000	3.8967e+07	47.000000	235516    	47.000000	120554    	47.000000	352022    	47.000000	355771    	47.000000	360528    	
50.000000	4.36975e+07	50.000000	4.32849e+07	50.000000	4.35699e+07	50.000000	4.35784e+07	50.000000	4.35886e+07	50.000000	263640    	50.000000	134079    	50.000000	393683    	50.000000	396078    	50.000000	403602    	
55.000000	5.18928e+07	55.000000	5.14783e+07	55.000000	5.17692e+07	55.000000	5.17846e+07	55.000000	5.17918e+07	55.000000	313517    	55.000000	157913    	55.000000	467586    	55.000000	467236    	55.000000	480146    	
60.000000	6.06952e+07	60.000000	6.02896e+07	60.000000	6.05797e+07	60.000000	6.06041e+07	60.000000	6.0607e+07	60.000000	367042    	60.000000	183322    	60.000000	546937    	60.000000	543235    	60.000000	562510    	
65.000000	7.00894e+07	65.000000	6.97033e+07	65.000000	6.99875e+07	65.000000	7.00219e+07	65.000000	7.00193e+07	65.000000	424096    	65.000000	210232    	65.000000	631583    	65.000000	623929    	65.000000	650559    	
70.000000	8.00613e+07	70.000000	7.97047e+07	70.000000	7.99776e+07	70.000000	8.0024e+07	70.000000	8.00147e+07	70.000000	484563    	70.000000	238611    	70.000000	721380    	70.000000	709187    	70.000000	744166    	
75.000000	9.05977e+07	75.000000	9.028e+07 	75.000000	9.05372e+07	75.000000	9.05972e+07	75.000000	9.05798e+07	75.000000	548335    	75.000000	268405    	75.000000	816192    	75.000000	798882    	75.000000	843209    	
80.000000	1.01686e+08	80.000000	1.01416e+08	80.000000	1.01654e+08	80.000000	1.01729e+08	80.000000	1.01702e+08	80.000000	615308    	80.000000	299585    	80.000000	915886    	80.000000	892898    	80.000000	947574    	
85.000000	1.13315e+08	85.000000	1.131e+08 	85.000000	1.13316e+08	85.000000	1.13407e+08	85.000000	1.1337e+08	85.000000	685381    	85.000000	332088    	85.000000	1.02034e+06	85.000000	991126    	85.000000	1.05715e+06	
90.000000	1.25473e+08	90.000000	1.2532e+08	90.000000	1.25511e+08	90.000000	1.2562e+08	90.000000	1.25571e+08	90.000000	758456    	90.000000	365882    	90.000000	1.12943e+06	90.000000	1.09346e+06	90.000000	1.17183e+06	
95.000000	1.3815e+08	95.000000	1.38065e+08	95.000000	1.38229e+08	95.000000	1.38358e+08	95.000000	1.38296e+08	95.000000	834442    	95.000000	400932    	95.000000	1.24304e+06	95.000000	1.1998e+06	95.000000	1.29152e+06	
100.000000	1.51337e+08	100.000000	1.51323e+08	100.000000	1.51459e+08	100.000000	1.51608e+08	100.000000	1.51532e+08	100.000000	913248    	100.000000	437208    	100.000000	1.36106e+06	100.000000	1.31005e+06	100.000000	1.41611e+06	
105.000000	1.65023e+08	105.000000	1.65084e+08	105.000000	1.65191e+08	105.000000	1.65362e+08	105.000000	1.65271e+08	105.000000	994788    	105.000000	474677    	105.000000	1.48339e+06	105.000000	1.42412e+06	105.000000	1.54551e+06	
110.000000	1.79199e+08	110.000000	1.79338e+08	110.000000	1.79415e+08	110.000000	1.7961e+08	110.000000	1.79501e+08	110.000000	1.07898e+06	110.000000	513315    	110.000000	1.6099e+06	110.000000	1.54192e+06	110.000000	1.67963e+06	
115.000000	1.93857e+08	115.000000	1.94074e+08	115.000000	1.94121e+08	115.000000	1.94342e+08	115.000000	1.94215e+08	115.000000	1.16574e+06	115.000000	553080    	115.000000	1.74052e+06	115.000000	1.66337e+06	115.000000	1.81837e+06	
120.000000	2.0899e+08	120.000000	2.09284e+08	120.000000	2.09302e+08	120.000000	2.09548e+08	120.000000	2.09402e+08	120.000000	1.25499e+06	120.000000	593922    	120.000000	1.87513e+06	120.000000	1.78838e+06	120.000000	1.96165e+06	
125.000000	2.24588e+08	125.000000	2.24959e+08	125.000000	2.24946e+08	125.000000	2.25221e+08	125.000000	2.25055e+08	125.000000	1.34666e+06	125.000000	635847    	125.000000	2.01364e+06	125.000000	1.91689e+06	125.000000	2.10939e+06	
130.000000	2.40644e+08	130.000000	2.41088e+08	130.000000	2.41046e+08	130.000000	2.41351e+08	130.000000	2.41163e+08	130.000000	1.44067e+06	130.000000	678810    	130.000000	2.15597e+06	130.000000	2.04881e+06	130.000000	2.26151e+06	
135.000000	2.57151e+08	135.000000	2.57665e+08	135.000000	2.57595e+08	135.000000	2.5793e+08	135.000000	2.57719e+08	135.000000	1.53695e+06	135.000000	722771    	135.000000	2.30201e+06	135.000000	2.18407e+06	135.000000	2.41792e+06	
140.000000	2.74102e+08	140.000000	2.74679e+08	140.000000	2.74584e+08	140.000000	2.7495e+08	140.000000	2.74715e+08	140.000000	1.63544e+06	140.000000	767711    	140.000000	2.45169e+06	140.000000	2.3226e+06	140.000000	2.57854e+06	
145.000000	2.91491e+08	145.000000	2.92125e+08	145.000000	2.92005e+08	145.000000	2.92403e+08	145.000000	2.92143e+08	145.000000	1.73607e+06	145.000000	813610    	145.000000	2.60491e+06	145.000000	2.46433e+06	145.000000	2.74331e+06	
150.000000	3.09309e+08	150.000000	3.09992e+08	150.000000	3.09849e+08	150.000000	3.10282e+08	150.000000	3.09996e+08	150.000000	1.83877e+06	150.000000	860446    	150.000000	2.7616e+06	150.000000	2.6092e+06	150.000000	2.91214e+06	
155.000000	3.33796e+08	155.000000	3.28275e+08	155.000000	3.2811e+08	155.000000	3.28578e+08	155.000000	3.28265e+08	155.000000	1.94348e+06	155.000000	908199    	155.000000	2.92169e+06	155.000000	2.75715e+06	155.000000	3.08497e+06	
160.000000	3.59027e+08	160.000000	3.46966e+08	160.000000	3.46781e+08	160.000000	3.47286e+08	160.000000	3.46944e+08	160.000000	2.05014e+06	160.000000	956849    	160.000000	3.08507e+06	160.000000	2.9081e+06	160.000000	3.26172e+06	
165.000000	3.8478e+08	165.000000	3.66056e+08	165.000000	3.65853e+08	165.000000	3.66397e+08	165.000000	3.66026e+08	165.000000	2.15869e+06	165.000000	1.00638e+06	165.000000	3.25169e+06	165.000000	3.062e+06 	165.000000	3.44233e+06	
170.000000	4.11046e+08	170.000000	3.85541e+08	170.000000	3.85322e+08	170.000000	3.85905e+08	170.000000	3.85503e+08	170.000000	2.26908e+06	170.000000	1.05677e+06	170.000000	3.42148e+06	170.000000	3.2188e+06	170.000000	3.62673e+06	
175.000000	4.37817e+08	175.000000	4.05412e+08	175.000000	4.05179e+08	175.000000	4.05804e+08	175.000000	4.05369e+08	175.000000	2.38125e+06	175.000000	1.10799e+06	175.000000	3.59434e+06	175.000000	3.37843e+06	175.000000	3.81484e+06	
180.000000	4.65084e+08	180.000000	4.25663e+08	180.000000	4.25418e+08	180.000000	4.26086e+08	180.000000	4.25618e+08	180.000000	2.49515e+06	180.000000	1.16005e+06	180.000000	3.77023e+06	180.000000	3.54084e+06	180.000000	4.00662e+06	
185.000000	4.92839e+08	185.000000	4.46288e+08	185.000000	4.46034e+08	185.000000	4.46745e+08	185.000000	4.46243e+08	185.000000	2.61072e+06	185.000000	1.21292e+06	185.000000	3.94906e+06	185.000000	3.70597e+06	185.000000	4.20198e+06	
190.000000	5.21073e+08	190.000000	4.6728e+08	190.000000	4.6702e+08	190.000000	4.67775e+08	190.000000	4.67238e+08	190.000000	2.72791e+06	190.000000	1.26655e+06	190.000000	4.13078e+06	190.000000	3.87377e+06	190.000000	4.40089e+06	
195.000000	5.4978e+08	195.000000	4.88634e+08	195.000000	4.8837e+08	195.000000	4.89171e+08	195.000000	4.88597e+08	195.000000	2.84668e+06	195.000000	1.32092e+06	195.000000	4.31531e+06	195.000000	4.0442e+06	195.000000	4.60326e+06	
200.000000	5.7895e+08	200.000000	5.10343e+08	200.000000	5.10078e+08	200.000000	5.10925e+08	200.000000	5.10314e+08	200.000000	2.96697e+06	200.000000	1.37605e+06	200.000000	4.5026e+06	200.000000	4.21719e+06	200.000000	4.80905e+06	
210.000000	6.38656e+08	210.000000	5.54804e+08	210.000000	5.54542e+08	210.000000	5.55487e+08	210.000000	5.54798e+08	210.000000	3.21196e+06	210.000000	1.48851e+06	210.000000	4.88518e+06	210.000000	4.5707e+06	210.000000	5.23064e+06	
220.000000	7.00133e+08	220.000000	6.00618e+08	220.000000	6.0037e+08	220.000000	6.01417e+08	220.000000	6.00645e+08	220.000000	3.46251e+06	220.000000	1.6037e+06	220.000000	5.27806e+06	220.000000	4.93391e+06	220.000000	5.6652e+06	
230.000000	7.63328e+08	230.000000	6.47744e+08	230.000000	6.47516e+08	230.000000	6.48671e+08	230.000000	6.47814e+08	230.000000	3.71829e+06	230.000000	1.72151e+06	230.000000	5.68077e+06	230.000000	5.30647e+06	230.000000	6.11231e+06	
240.000000	8.28189e+08	240.000000	6.9614e+08	240.000000	6.95943e+08	240.000000	6.9721e+08	240.000000	6.96262e+08	240.000000	3.97898e+06	240.000000	1.84192e+06	240.000000	6.09288e+06	240.000000	5.68803e+06	240.000000	6.57155e+06	
250.000000	8.94667e+08	250.000000	7.45767e+08	250.000000	7.45612e+08	250.000000	7.46992e+08	250.000000	7.4595e+08	250.000000	4.24429e+06	250.000000	1.96486e+06	250.000000	6.51398e+06	250.000000	6.07826e+06	250.000000	7.04252e+06	
260.000000	9.62716e+08	260.000000	7.96588e+08	260.000000	7.9648e+08	260.000000	7.9798e+08	260.000000	7.9684e+08	260.000000	4.51392e+06	260.000000	2.09003e+06	260.000000	6.94366e+06	260.000000	6.47685e+06	260.000000	7.52484e+06	
270.000000	1.03229e+09	270.000000	8.48567e+08	270.000000	8.48514e+08	270.000000	8.50138e+08	270.000000	8.48896e+08	270.000000	4.7876e+06	270.000000	2.21746e+06	270.000000	7.38156e+06	270.000000	6.8835e+06	270.000000	8.01813e+06	
280.000000	1.10335e+09	280.000000	9.0167e+08	280.000000	9.01678e+08	280.000000	9.03431e+08	280.000000	9.02083e+08	280.000000	5.06509e+06	280.000000	2.34709e+06	280.000000	7.82731e+06	280.000000	7.29792e+06	280.000000	8.52205e+06	
290.000000	1.17585e+09	290.000000	9.55865e+08	290.000000	9.55937e+08	290.000000	9.57825e+08	290.000000	9.56368e+08	290.000000	5.34613e+06	290.000000	2.47885e+06	290.000000	8.28056e+06	290.000000	7.71982e+06	290.000000	9.03625e+06	
300.000000	1.24975e+09	300.000000	1.01112e+09	300.000000	1.01126e+09	300.000000	1.01329e+09	300.000000	1.01172e+09	300.000000	5.63051e+06	300.000000	2.61262e+06	300.000000	8.74098e+06	300.000000	8.14895e+06	300.000000	9.56039e+06	
310.000000	1.32502e+09	310.000000	1.0674e+09	310.000000	1.06763e+09	310.000000	1.06979e+09	310.000000	1.0681e+09	310.000000	5.91799e+06	310.000000	2.74825e+06	310.000000	9.20826e+06	310.000000	8.58505e+06	310.000000	1.00942e+07	
320.000000	1.40162e+09	320.000000	1.12469e+09	320.000000	1.12499e+09	320.000000	1.1273e+09	320.000000	1.12549e+09	320.000000	6.20838e+06	320.000000	2.88575e+06	320.000000	9.6821e+06	320.000000	9.02786e+06	320.000000	1.06372e+07	
330.000000	1.47951e+09	330.000000	1.18295e+09	330.000000	1.18333e+09	330.000000	1.18578e+09	330.000000	1.18386e+09	330.000000	6.50147e+06	330.000000	3.02509e+06	330.000000	1.01622e+07	330.000000	9.47716e+06	330.000000	1.11894e+07	
340.000000	1.55866e+09	340.000000	1.24215e+09	340.000000	1.24262e+09	340.000000	1.24522e+09	340.000000	1.24317e+09	340.000000	6.79709e+06	340.000000	3.16612e+06	340.000000	1.06483e+07	340.000000	9.93272e+06	340.000000	1.17502e+07	
350.000000	1.63903e+09	350.000000	1.30227e+09	350.000000	1.30283e+09	350.000000	1.30558e+09	350.000000	1.3034e+09	350.000000	7.09505e+06	350.000000	3.30873e+06	350.000000	1.11401e+07	350.000000	1.03943e+07	350.000000	1.23195e+07	
360.000000	1.72061e+09	360.000000	1.36329e+09	360.000000	1.36393e+09	360.000000	1.36685e+09	360.000000	1.36453e+09	360.000000	7.3952e+06	360.000000	3.45293e+06	360.000000	1.16373e+07	360.000000	1.08617e+07	360.000000	1.2897e+07	
370.000000	1.80335e+09	370.000000	1.42518e+09	370.000000	1.42591e+09	370.000000	1.42898e+09	370.000000	1.42653e+09	370.000000	7.69736e+06	370.000000	3.59876e+06	370.000000	1.21398e+07	370.000000	1.13348e+07	370.000000	1.34824e+07	
380.000000	1.88722e+09	380.000000	1.48791e+09	380.000000	1.48873e+09	380.000000	1.49196e+09	380.000000	1.48937e+09	380.000000	8.00141e+06	380.000000	3.74614e+06	380.000000	1.26473e+07	380.000000	1.18133e+07	380.000000	1.40755e+07	
390.000000	1.97221e+09	390.000000	1.55147e+09	390.000000	1.55237e+09	390.000000	1.55577e+09	390.000000	1.55304e+09	390.000000	8.30719e+06	390.000000	3.89496e+06	390.000000	1.31595e+07	390.000000	1.2297e+07	390.000000	1.4676e+07	
400.000000	2.05827e+09	400.000000	1.61583e+09	400.000000	1.61681e+09	400.000000	1.62039e+09	400.000000	1.61751e+09	400.000000	8.61456e+06	400.000000	4.04516e+06	400.000000	1.36763e+07	400.000000	1.27858e+07	400.000000	1.52838e+07	
410.000000	2.14539e+09	410.000000	1.68098e+09	410.000000	1.68204e+09	410.000000	1.68579e+09	410.000000	1.68276e+09	410.000000	8.92341e+06	410.000000	4.1967e+06	410.000000	1.41974e+07	410.000000	1.32794e+07	410.000000	1.58985e+07	
420.000000	2.23354e+09	420.000000	1.74689e+09	420.000000	1.74801e+09	420.000000	1.75194e+09	420.000000	1.74877e+09	420.000000	9.2336e+06	420.000000	4.3495e+06	420.000000	1.47227e+07	420.000000	1.37778e+07	420.000000	1.65199e+07	
430.000000	2.32269e+09	430.000000	1.81354e+09	430.000000	1.81473e+09	430.000000	1.81884e+09	430.000000	1.81552e+09	430.000000	9.54502e+06	430.000000	4.50346e+06	430.000000	1.52519e+07	430.000000	1.42808e+07	430.000000	1.7148e+07	
440.000000	2.41283e+09	440.000000	1.88091e+09	440.000000	1.88217e+09	440.000000	1.88646e+09	440.000000	1.88298e+09	440.000000	9.85756e+06	440.000000	4.65857e+06	440.000000	1.57849e+07	440.000000	1.47881e+07	440.000000	1.77823e+07	
450.000000	2.50392e+09	450.000000	1.94899e+09	450.000000	1.95031e+09	450.000000	1.95478e+09	450.000000	1.95115e+09	450.000000	1.01711e+07	450.000000	4.81486e+06	450.000000	1.63214e+07	450.000000	1.52996e+07	450.000000	1.84228e+07	
460.000000	2.59594e+09	460.000000	2.01775e+09	460.000000	2.01913e+09	460.000000	2.02379e+09	460.000000	2.01999e+09	460.000000	1.04856e+07	460.000000	4.97235e+06	460.000000	1.68614e+07	460.000000	1.58153e+07	460.000000	1.90692e+07	
470.000000	2.68887e+09	470.000000	2.08718e+09	470.000000	2.08861e+09	470.000000	2.09346e+09	470.000000	2.0895e+09	470.000000	1.08008e+07	470.000000	5.13098e+06	470.000000	1.74046e+07	470.000000	1.63349e+07	470.000000	1.97214e+07	
480.000000	2.7827e+09	480.000000	2.15727e+09	480.000000	2.15874e+09	480.000000	2.16378e+09	480.000000	2.15966e+09	480.000000	1.11168e+07	480.000000	5.29069e+06	480.000000	1.79509e+07	480.000000	1.68583e+07	480.000000	2.03792e+07	
490.000000	2.87739e+09	490.000000	2.228e+09 	490.000000	2.22949e+09	490.000000	2.23473e+09	490.000000	2.23044e+09	490.000000	1.14334e+07	490.000000	5.45138e+06	490.000000	1.85002e+07	490.000000	1.73854e+07	490.000000	2.10423e+07	
500.000000	2.97294e+09	500.000000	2.29934e+09	500.000000	2.30086e+09	500.000000	2.3063e+09	500.000000	2.30184e+09	500.000000	1.17506e+07	500.000000	5.61301e+06	500.000000	1.90523e+07	500.000000	1.79161e+07	500.000000	2.17107e+07	
520.000000	3.1665e+09	520.000000	2.44384e+09	520.000000	2.44538e+09	520.000000	2.45122e+09	520.000000	2.44641e+09	520.000000	1.23863e+07	520.000000	5.93917e+06	520.000000	2.01643e+07	520.000000	1.89875e+07	520.000000	2.30624e+07	
540.000000	3.36323e+09	540.000000	2.59065e+09	540.000000	2.59217e+09	540.000000	2.59841e+09	540.000000	2.59325e+09	540.000000	1.30234e+07	540.000000	6.26913e+06	540.000000	2.12859e+07	540.000000	2.00717e+07	540.000000	2.44332e+07	
560.000000	3.563e+09 	560.000000	2.73965e+09	560.000000	2.74111e+09	560.000000	2.74777e+09	560.000000	2.74225e+09	560.000000	1.36612e+07	560.000000	6.60239e+06	560.000000	2.24161e+07	560.000000	2.11677e+07	560.000000	2.58216e+07	
580.000000	3.76565e+09	580.000000	2.89075e+09	580.000000	2.8921e+09	580.000000	2.89919e+09	580.000000	2.89331e+09	580.000000	1.42994e+07	580.000000	6.93899e+06	580.000000	2.3554e+07	580.000000	2.22748e+07	580.000000	2.72268e+07	
600.000000	3.97107e+09	600.000000	3.04385e+09	600.000000	3.04504e+09	600.000000	3.05257e+09	600.000000	3.04631e+09	600.000000	1.49375e+07	600.000000	7.27886e+06	600.000000	2.46988e+07	600.000000	2.3392e+07	600.000000	2.86475e+07	
620.000000	4.17913e+09	620.000000	3.19886e+09	620.000000	3.19984e+09	620.000000	3.20781e+09	620.000000	3.20116e+09	620.000000	1.5575e+07	620.000000	7.62158e+06	620.000000	2.58496e+07	620.000000	2.45187e+07	620.000000	3.00828e+07	
640.000000	4.38972e+09	640.000000	3.35568e+09	640.000000	3.35639e+09	640.000000	3.36482e+09	640.000000	3.35779e+09	640.000000	1.62118e+07	640.000000	7.96696e+06	640.000000	2.70059e+07	640.000000	2.56542e+07	640.000000	3.15317e+07	
660.000000	4.60272e+09	660.000000	3.51424e+09	660.000000	3.51463e+09	660.000000	3.52353e+09	660.000000	3.5161e+09	660.000000	1.68474e+07	660.000000	8.31492e+06	660.000000	2.81668e+07	660.000000	2.67979e+07	660.000000	3.29933e+07	
680.000000	4.81803e+09	680.000000	3.67445e+09	680.000000	3.67448e+09	680.000000	3.68384e+09	680.000000	3.67601e+09	680.000000	1.74815e+07	680.000000	8.66533e+06	680.000000	2.93319e+07	680.000000	2.79491e+07	680.000000	3.44669e+07	
700.000000	5.03556e+09	700.000000	3.83624e+09	700.000000	3.83587e+09	700.000000	3.84569e+09	700.000000	3.83745e+09	700.000000	1.8114e+07	700.000000	9.01809e+06	700.000000	3.05004e+07	700.000000	2.91072e+07	700.000000	3.59515e+07	
720.000000	5.2552e+09	720.000000	3.99954e+09	720.000000	3.9987e+09	720.000000	4.00899e+09	720.000000	4.00034e+09	720.000000	1.87445e+07	720.000000	9.37314e+06	720.000000	3.16719e+07	720.000000	3.02717e+07	720.000000	3.74466e+07	
740.000000	5.47686e+09	740.000000	4.16429e+09	740.000000	4.16292e+09	740.000000	4.1737e+09	740.000000	4.16463e+09	740.000000	1.9373e+07	740.000000	9.73035e+06	740.000000	3.28459e+07	740.000000	3.1442e+07	740.000000	3.89512e+07	
760.000000	5.70045e+09	760.000000	4.33041e+09	760.000000	4.32846e+09	760.000000	4.33973e+09	760.000000	4.33024e+09	760.000000	1.99991e+07	760.000000	1.00895e+07	760.000000	3.40219e+07	760.000000	3.26178e+07	760.000000	4.04648e+07	
780.000000	5.9259e+09	780.000000	4.49786e+09	780.000000	4.49526e+09	780.000000	4.50703e+09	780.000000	4.49711e+09	780.000000	2.06227e+07	780.000000	1.04503e+07	780.000000	3.51994e+07	780.000000	3.37985e+07	780.000000	4.19868e+07	
800.000000	6.15311e+09	800.000000	4.66656e+09	800.000000	4.66328e+09	800.000000	4.67555e+09	800.000000	4.66519e+09	800.000000	2.12437e+07	800.000000	1.08129e+07	800.000000	3.63782e+07	800.000000	3.49838e+07	800.000000	4.35165e+07	
820.000000	6.38202e+09	820.000000	4.83646e+09	820.000000	4.83246e+09	820.000000	4.84522e+09	820.000000	4.83443e+09	820.000000	2.18619e+07	820.000000	1.11772e+07	820.000000	3.75577e+07	820.000000	3.61731e+07	820.000000	4.50533e+07	
840.000000	6.61255e+09	840.000000	5.00751e+09	840.000000	5.00273e+09	840.000000	5.01599e+09	840.000000	5.00476e+09	840.000000	2.24773e+07	840.000000	1.15434e+07	840.000000	3.87377e+07	840.000000	3.73662e+07	840.000000	4.65968e+07	
860.000000	6.84462e+09	860.000000	5.17966e+09	860.000000	5.17406e+09	860.000000	5.18782e+09	860.000000	5.17615e+09	860.000000	2.30896e+07	860.000000	1.19114e+07	860.000000	3.99178e+07	860.000000	3.85626e+07	860.000000	4.81464e+07	
880.000000	7.07818e+09	880.000000	5.35287e+09	880.000000	5.34638e+09	880.000000	5.36066e+09	880.000000	5.34854e+09	880.000000	2.3699e+07	880.000000	1.2281e+07	880.000000	4.10978e+07	880.000000	3.9762e+07	880.000000	4.97016e+07	
900.000000	7.31315e+09	900.000000	5.52707e+09	900.000000	5.51966e+09	900.000000	5.53446e+09	900.000000	5.52189e+09	900.000000	2.43051e+07	900.000000	1.26521e+07	900.000000	4.22773e+07	900.000000	4.09641e+07	900.000000	5.1262e+07	
920.000000	7.54947e+09	920.000000	5.70224e+09	920.000000	5.69386e+09	920.000000	5.70918e+09	920.000000	5.69616e+09	920.000000	2.4908e+07	920.000000	1.30247e+07	920.000000	4.34561e+07	920.000000	4.21686e+07	920.000000	5.28271e+07	
940.000000	7.78708e+09	940.000000	5.87833e+09	940.000000	5.86893e+09	940.000000	5.88478e+09	940.000000	5.8713e+09	940.000000	2.55077e+07	940.000000	1.33986e+07	940.000000	4.4634e+07	940.000000	4.33752e+07	940.000000	5.43966e+07	
960.000000	8.02593e+09	960.000000	6.05529e+09	960.000000	6.04485e+09	960.000000	6.06123e+09	960.000000	6.04728e+09	960.000000	2.6104e+07	960.000000	1.37737e+07	960.000000	4.58107e+07	960.000000	4.45837e+07	960.000000	5.59699e+07	
980.000000	8.26595e+09	980.000000	6.23309e+09	980.000000	6.22157e+09	980.000000	6.23848e+09	980.000000	6.22406e+09	980.000000	2.66969e+07	980.000000	1.415e+07 	980.000000	4.6986e+07	980.000000	4.57937e+07	980.000000	5.75468e+07	
1000.000000	8.5071e+09	1000.000000	6.41169e+09	1000.000000	6.39906e+09	1000.000000	6.41649e+09	1000.000000	6.40161e+09	1000.000000	2.72865e+07	1000.000000	1.45274e+07	1000.000000	4.81598e+07	1000.000000	4.7005e+07	1000.000000	5.91269e+07	
1020.000000	8.74932e+09	1020.000000	6.59106e+09	1020.000000	6.57728e+09	1020.000000	6.59525e+09	1020.000000	6.5799e+09	1020.000000	2.78725e+07	1020.000000	1.4906e+07	1020.000000	4.93318e+07	1020.000000	4.82174e+07	1020.000000	6.07099e+07	
1040.000000	8.99256e+09	1040.000000	6.77116e+09	1040.000000	6.75621e+09	1040.000000	6.7747e+09	1040.000000	6.75888e+09	1040.000000	2.84551e+07	1040.000000	1.52858e+07	1040.000000	5.05019e+07	1040.000000	4.94307e+07	1040.000000	6.22955e+07	
1060.000000	9.23678e+09	1060.000000	6.95196e+09	1060.000000	6.9358e+09	1060.000000	6.95483e+09	1060.000000	6.93854e+09	1060.000000	2.90343e+07	1060.000000	1.56668e+07	1060.000000	5.167e+07 	1060.000000	5.06447e+07	1060.000000	6.38832e+07	
1080.000000	9.48193e+09	1080.000000	7.13343e+09	1080.000000	7.11604e+09	1080.000000	7.13561e+09	1080.000000	7.11884e+09	1080.000000	2.96099e+07	1080.000000	1.60491e+07	1080.000000	5.28358e+07	1080.000000	5.18591e+07	1080.000000	6.5473e+07	
1100.000000	9.72796e+09	1100.000000	7.31553e+09	1100.000000	7.29688e+09	1100.000000	7.317e+09 	1100.000000	7.29975e+09	1100.000000	3.01819e+07	1100.000000	1.64325e+07	1100.000000	5.39993e+07	1100.000000	5.30739e+07	1100.000000	6.70644e+07	
1120.000000	9.97483e+09	1120.000000	7.49824e+09	1120.000000	7.47831e+09	1120.000000	7.49898e+09	1120.000000	7.48125e+09	1120.000000	3.07505e+07	1120.000000	1.68171e+07	1120.000000	5.51603e+07	1120.000000	5.42887e+07	1120.000000	6.86573e+07	
1140.000000	1.02225e+10	1140.000000	7.68153e+09	1140.000000	7.6603e+09	1140.000000	7.68153e+09	1140.000000	7.66331e+09	1140.000000	3.13155e+07	1140.000000	1.72027e+07	1140.000000	5.63188e+07	1140.000000	5.55035e+07	1140.000000	7.02513e+07	
1160.000000	1.04709e+10	1160.000000	7.86537e+09	1160.000000	7.84283e+09	1160.000000	7.86461e+09	1160.000000	7.84591e+09	1160.000000	3.18771e+07	1160.000000	1.75893e+07	1160.000000	5.74745e+07	1160.000000	5.67181e+07	1160.000000	7.18463e+07	
1180.000000	1.07201e+10	1180.000000	8.04974e+09	1180.000000	8.02588e+09	1180.000000	8.04822e+09	1180.000000	8.02903e+09	1180.000000	3.2435e+07	1180.000000	1.79768e+07	1180.000000	5.86275e+07	1180.000000	5.79323e+07	1180.000000	7.3442e+07	
1200.000000	1.09699e+10	1200.000000	8.23461e+09	1200.000000	8.20943e+09	1200.000000	8.23231e+09	1200.000000	8.21264e+09	1200.000000	3.29895e+07	1200.000000	1.83652e+07	1200.000000	5.97776e+07	1200.000000	5.9146e+07	1200.000000	7.50383e+07	
1220.000000	1.12204e+10	1220.000000	8.41996e+09	1220.000000	8.39344e+09	1220.000000	8.41688e+09	1220.000000	8.39672e+09	1220.000000	3.35405e+07	1220.000000	1.87544e+07	1220.000000	6.09248e+07	1220.000000	6.0359e+07	1220.000000	7.66348e+07	
1240.000000	1.14715e+10	1240.000000	8.60576e+09	1240.000000	8.57791e+09	1240.000000	8.60191e+09	1240.000000	8.58125e+09	1240.000000	3.4088e+07	1240.000000	1.91446e+07	1240.000000	6.20689e+07	1240.000000	6.15713e+07	1240.000000	7.82315e+07	
1260.000000	1.17231e+10	1260.000000	8.792e+09 	1260.000000	8.7628e+09	1260.000000	8.78736e+09	1260.000000	8.76621e+09	1260.000000	3.4632e+07	1260.000000	1.95356e+07	1260.000000	6.321e+07 	1260.000000	6.27828e+07	1260.000000	7.98281e+07	
1280.000000	1.19754e+10	1280.000000	8.97865e+09	1280.000000	8.94811e+09	1280.000000	8.97323e+09	1280.000000	8.95159e+09	1280.000000	3.51725e+07	1280.000000	1.99274e+07	1280.000000	6.43478e+07	1280.000000	6.39932e+07	1280.000000	8.14245e+07	
1300.000000	1.22281e+10	1300.000000	9.16569e+09	1300.000000	9.1338e+09	1300.000000	9.1595e+09	1300.000000	9.13736e+09	1300.000000	3.57096e+07	1300.000000	2.032e+07 	1300.000000	6.54825e+07	1300.000000	6.52025e+07	1300.000000	8.30205e+07	
1320.000000	1.24813e+10	1320.000000	9.35309e+09	1320.000000	9.31988e+09	1320.000000	9.34615e+09	1320.000000	9.32351e+09	1320.000000	3.62433e+07	1320.000000	2.07135e+07	1320.000000	6.66138e+07	1320.000000	6.64107e+07	1320.000000	8.4616e+07	
1340.000000	1.2735e+10	1340.000000	9.54086e+09	1340.000000	9.50631e+09	1340.000000	9.53315e+09	1340.000000	9.51002e+09	1340.000000	3.67735e+07	1340.000000	2.11078e+07	1340.000000	6.77419e+07	1340.000000	6.76175e+07	1340.000000	8.62107e+07	
1360.000000	1.29891e+10	1360.000000	9.72895e+09	1360.000000	9.69309e+09	1360.000000	9.72051e+09	1360.000000	9.69687e+09	1360.000000	3.73004e+07	1360.000000	2.15029e+07	1360.000000	6.88665e+07	1360.000000	6.8823e+07	1360.000000	8.78047e+07	
1380.000000	1.32436e+10	1380.000000	9.91736e+09	1380.000000	9.8802e+09	1380.000000	9.9082e+09	1380.000000	9.88406e+09	1380.000000	3.78239e+07	1380.000000	2.18987e+07	1380.000000	6.99878e+07	1380.000000	7.00269e+07	1380.000000	8.93976e+07	
1400.000000	1.34984e+10	1400.000000	1.01061e+10	1400.000000	1.00676e+10	1400.000000	1.00962e+10	1400.000000	1.00716e+10	1400.000000	3.83441e+07	1400.000000	2.22953e+07	1400.000000	7.11056e+07	1400.000000	7.12294e+07	1400.000000	9.09895e+07	
1420.000000	1.37536e+10	1420.000000	1.02951e+10	1420.000000	1.02554e+10	1420.000000	1.02845e+10	1420.000000	1.02594e+10	1420.000000	3.8861e+07	1420.000000	2.26926e+07	1420.000000	7.22199e+07	1420.000000	7.24301e+07	1420.000000	9.25801e+07	
1440.000000	1.40092e+10	1440.000000	1.04843e+10	1440.000000	1.04434e+10	1440.000000	1.04731e+10	1440.000000	1.04475e+10	1440.000000	3.93745e+07	1440.000000	2.30906e+07	1440.000000	7.33307e+07	1440.000000	7.36292e+07	1440.000000	9.41694e+07	
1460.000000	1.4265e+10	1460.000000	1.06738e+10	1460.000000	1.06317e+10	1460.000000	1.0662e+10	1460.000000	1.06358e+10	1460.000000	3.98848e+07	1460.000000	2.34895e+07	1460.000000	7.4438e+07	1460.000000	7.48265e+07	1460.000000	9.57573e+07	
1480.000000	1.45211e+10	1480.000000	1.08636e+10	1480.000000	1.08202e+10	1480.000000	1.08511e+10	1480.000000	1.08245e+10	1480.000000	4.03919e+07	1480.000000	2.3889e+07	1480.000000	7.55417e+07	1480.000000	7.6022e+07	1480.000000	9.73436e+07	
1500.000000	1.47775e+10	1500.000000	1.10535e+10	1500.000000	1.10091e+10	1500.000000	1.10405e+10	1500.000000	1.10133e+10	1500.000000	4.08958e+07	1500.000000	2.42893e+07	1500.000000	7.66419e+07	1500.000000	7.72156e+07	1500.000000	9.89282e+07	
1520.000000	1.50341e+10	1520.000000	1.12437e+10	1520.000000	1.11981e+10	1520.000000	1.12301e+10	1520.000000	1.12025e+10	1520.000000	4.13965e+07	1520.000000	2.46902e+07	1520.000000	7.77384e+07	1520.000000	7.84072e+07	1520.000000	1.00511e+08	
1540.000000	1.52909e+10	1540.000000	1.14341e+10	1540.000000	1.13874e+10	1540.000000	1.142e+10 	1540.000000	1.13918e+10	1540.000000	4.1894e+07	1540.000000	2.50919e+07	1540.000000	7.88314e+07	1540.000000	7.95968e+07	1540.000000	1.02092e+08	
1560.000000	1.55479e+10	1560.000000	1.16246e+10	1560.000000	1.15769e+10	1560.000000	1.16101e+10	1560.000000	1.15814e+10	1560.000000	4.23884e+07	1560.000000	2.54942e+07	1560.000000	7.99207e+07	1560.000000	8.07843e+07	1560.000000	1.03671e+08	
1580.000000	1.5805e+10	1580.000000	1.18153e+10	1580.000000	1.17666e+10	1580.000000	1.18004e+10	1580.000000	1.17712e+10	1580.000000	4.28797e+07	1580.000000	2.58972e+07	1580.000000	8.10064e+07	1580.000000	8.19697e+07	1580.000000	1.05249e+08	
1600.000000	1.60623e+10	1600.000000	1.20062e+10	1600.000000	1.19565e+10	1600.000000	1.19908e+10	1600.000000	1.19611e+10	1600.000000	4.33679e+07	1600.000000	2.63009e+07	1600.000000	8.20884e+07	1600.000000	8.3153e+07	1600.000000	1.06824e+08	
1620.000000	1.63198e+10	1620.000000	1.21972e+10	1620.000000	1.21466e+10	1620.000000	1.21815e+10	1620.000000	1.21513e+10	1620.000000	4.38531e+07	1620.000000	2.67051e+07	1620.000000	8.31668e+07	1620.000000	8.43341e+07	1620.000000	1.08397e+08	
1640.000000	1.65773e+10	1640.000000	1.23883e+10	1640.000000	1.23369e+10	1640.000000	1.23724e+10	1640.000000	1.23417e+10	1640.000000	4.43353e+07	1640.000000	2.71099e+07	1640.000000	8.42415e+07	1640.000000	8.55129e+07	1640.000000	1.09968e+08	
1660.000000	1.6835e+10	1660.000000	1.25796e+10	1660.000000	1.25274e+10	1660.000000	1.25634e+10	1660.000000	1.25322e+10	1660.000000	4.48145e+07	1660.000000	2.75153e+07	1660.000000	8.53126e+07	1660.000000	8.66895e+07	1660.000000	1.11536e+08	
1680.000000	1.70927e+10	1680.000000	1.27709e+10	1680.000000	1.2718e+10	1680.000000	1.27546e+10	1680.000000	1.27229e+10	1680.000000	4.52907e+07	1680.000000	2.79213e+07	1680.000000	8.638e+07 	1680.000000	8.78637e+07	1680.000000	1.13102e+08	
1700.000000	1.73505e+10	1700.000000	1.29624e+10	1700.000000	1.29088e+10	1700.000000	1.29459e+10	1700.000000	1.29137e+10	1700.000000	4.5764e+07	1700.000000	2.83278e+07	1700.000000	8.74438e+07	1700.000000	8.90356e+07	1700.000000	1.14666e+08	
1750.000000	1.79951e+10	1750.000000	1.34415e+10	1750.000000	1.33863e+10	1750.000000	1.34249e+10	1750.000000	1.33914e+10	1750.000000	4.69347e+07	1750.000000	2.93463e+07	1750.000000	9.00872e+07	1750.000000	9.19549e+07	1750.000000	1.18565e+08	
1800.000000	1.86397e+10	1800.000000	1.39209e+10	1800.000000	1.38646e+10	1800.000000	1.39047e+10	1800.000000	1.38699e+10	1800.000000	4.80878e+07	1800.000000	3.03683e+07	1800.000000	9.27078e+07	1800.000000	9.48589e+07	1800.000000	1.22447e+08	
1850.000000	1.92842e+10	1850.000000	1.44007e+10	1850.000000	1.43437e+10	1850.000000	1.43852e+10	1850.000000	1.43491e+10	1850.000000	4.92236e+07	1850.000000	3.13937e+07	1850.000000	9.53057e+07	1850.000000	9.77472e+07	1850.000000	1.26313e+08	
1900.000000	1.99283e+10	1900.000000	1.48806e+10	1900.000000	1.48233e+10	1900.000000	1.48663e+10	1900.000000	1.4829e+10	1900.000000	5.03427e+07	1900.000000	3.24228e+07	1900.000000	9.78811e+07	1900.000000	1.0062e+08	1900.000000	1.30162e+08	
1950.000000	2.05719e+10	1950.000000	1.53605e+10	1950.000000	1.53034e+10	1950.000000	1.53479e+10	1950.000000	1.53093e+10	1950.000000	5.14454e+07	1950.000000	3.34554e+07	1950.000000	1.00434e+08	1950.000000	1.03476e+08	1950.000000	1.33992e+08	
2000.000000	2.12147e+10	2000.000000	1.58404e+10	2000.000000	1.5784e+10	2000.000000	1.583e+10 	2000.000000	1.57901e+10	2000.000000	5.25323e+07	2000.000000	3.44916e+07	2000.000000	1.02965e+08	2000.000000	1.06315e+08	2000.000000	1.37805e+08	
2100.000000	2.24975e+10	2100.000000	1.67995e+10	2100.000000	1.67463e+10	2100.000000	1.67951e+10	2100.000000	1.67526e+10	2100.000000	5.46599e+07	2100.000000	3.65747e+07	2100.000000	1.07961e+08	2100.000000	1.11945e+08	2100.000000	1.45373e+08	
2200.000000	2.37755e+10	2200.000000	1.77573e+10	2200.000000	1.77095e+10	2200.000000	1.77612e+10	2200.000000	1.77162e+10	2200.000000	5.67288e+07	2200.000000	3.86716e+07	2200.000000	1.12871e+08	2200.000000	1.17508e+08	2200.000000	1.52865e+08	
2300.000000	2.50478e+10	2300.000000	1.87131e+10	2300.000000	1.86732e+10	2300.000000	1.87278e+10	2300.000000	1.86802e+10	2300.000000	5.87419e+07	2300.000000	4.07817e+07	2300.000000	1.17697e+08	2300.000000	1.23003e+08	2300.000000	1.60279e+08	
2400.000000	2.63134e+10	2400.000000	1.96663e+10	2400.000000	1.96371e+10	2400.000000	1.96945e+10	2400.000000	1.96444e+10	2400.000000	6.07021e+07	2400.000000	4.29043e+07	2400.000000	1.22441e+08	2400.000000	1.28431e+08	2400.000000	1.67613e+08	
2500.000000	2.75718e+10	2500.000000	2.06166e+10	2500.000000	2.06008e+10	2500.000000	2.06611e+10	2500.000000	2.06084e+10	2500.000000	6.26122e+07	2500.000000	4.5039e+07	2500.000000	1.27106e+08	2500.000000	1.33791e+08	2500.000000	1.74868e+08	
2600.000000	2.88222e+10	2600.000000	2.15635e+10	2600.000000	2.15641e+10	2600.000000	2.16273e+10	2600.000000	2.15721e+10	2600.000000	6.44746e+07	2600.000000	4.71854e+07	2600.000000	1.31694e+08	2600.000000	1.39085e+08	2600.000000	1.82043e+08	
2700.000000	3.0064e+10	2700.000000	2.25067e+10	2700.000000	2.25268e+10	2700.000000	2.25928e+10	2700.000000	2.2535e+10	2700.000000	6.62918e+07	2700.000000	4.9343e+07	2700.000000	1.36207e+08	2700.000000	1.44314e+08	2700.000000	1.89139e+08	
2800.000000	3.1297e+10	2800.000000	2.34459e+10	2800.000000	2.34886e+10	2800.000000	2.35575e+10	2800.000000	2.34972e+10	2800.000000	6.80658e+07	2800.000000	5.15117e+07	2800.000000	1.40648e+08	2800.000000	1.49477e+08	2800.000000	1.96157e+08	
2900.000000	3.25206e+10	2900.000000	2.43809e+10	2900.000000	2.44494e+10	2900.000000	2.45212e+10	2900.000000	2.44584e+10	2900.000000	6.97989e+07	2900.000000	5.36915e+07	2900.000000	1.45018e+08	2900.000000	1.54577e+08	2900.000000	2.03096e+08	
3000.000000	3.37345e+10	3000.000000	2.53114e+10	3000.000000	2.54091e+10	3000.000000	2.54837e+10	3000.000000	2.54185e+10	3000.000000	7.14929e+07	3000.000000	5.58821e+07	3000.000000	1.49321e+08	3000.000000	1.59614e+08	3000.000000	2.09958e+08	
3200.000000	3.61325e+10	3200.000000	2.71585e+10	3200.000000	2.73248e+10	3200.000000	2.7405e+10	3200.000000	2.73348e+10	3200.000000	7.4771e+07	3200.000000	6.02957e+07	3200.000000	1.57731e+08	3200.000000	1.69503e+08	3200.000000	2.23456e+08	
3400.000000	3.84891e+10	3400.000000	2.8986e+10	3400.000000	2.92349e+10	3400.000000	2.93207e+10	3400.000000	2.92456e+10	3400.000000	7.79135e+07	3400.000000	6.47522e+07	3400.000000	1.65893e+08	3400.000000	1.79156e+08	3400.000000	2.36659e+08	
3600.000000	4.08034e+10	3600.000000	3.07931e+10	3600.000000	3.11389e+10	3600.000000	3.12303e+10	3600.000000	3.11502e+10	3600.000000	8.09318e+07	3600.000000	6.92513e+07	3600.000000	1.73823e+08	3600.000000	1.88581e+08	3600.000000	2.49577e+08	
3800.000000	4.30749e+10	3800.000000	3.25794e+10	3800.000000	3.30365e+10	3800.000000	3.31334e+10	3800.000000	3.30485e+10	3800.000000	8.38365e+07	3800.000000	7.37926e+07	3800.000000	1.81536e+08	3800.000000	1.97788e+08	3800.000000	2.62221e+08	
4000.000000	4.53033e+10	4000.000000	3.43444e+10	4000.000000	3.49275e+10	4000.000000	3.50298e+10	4000.000000	3.49401e+10	4000.000000	8.66365e+07	4000.000000	7.83758e+07	4000.000000	1.89043e+08	4000.000000	2.06787e+08	4000.000000	2.74601e+08	
4200.000000	4.74888e+10	4200.000000	3.6088e+10	4200.000000	3.68118e+10	4200.000000	3.69194e+10	4200.000000	3.68249e+10	4200.000000	8.934e+07 	4200.000000	8.30004e+07	4200.000000	1.96357e+08	4200.000000	2.15587e+08	4200.000000	2.86727e+08	
4400.000000	4.96315e+10	4400.000000	3.78102e+10	4400.000000	3.86892e+10	4400.000000	3.88021e+10	4400.000000	3.8703e+10	4400.000000	9.19542e+07	4400.000000	8.76658e+07	4400.000000	2.03489e+08	4400.000000	2.24196e+08	4400.000000	2.98611e+08	
4600.000000	5.1732e+10	4600.000000	3.95111e+10	4600.000000	4.05598e+10	4600.000000	4.0678e+10	4600.000000	4.05742e+10	4600.000000	9.44855e+07	4600.000000	9.23714e+07	4600.000000	2.1045e+08	4600.000000	2.32623e+08	4600.000000	3.10261e+08	
4800.000000	5.37907e+10	4800.000000	4.11907e+10	4800.000000	4.24237e+10	4800.000000	4.2547e+10	4800.000000	4.24386e+10	4800.000000	9.69398e+07	4800.000000	9.71166e+07	4800.000000	2.17247e+08	4800.000000	2.40876e+08	4800.000000	3.21687e+08	
5000.000000	5.58085e+10	5000.000000	4.28494e+10	5000.000000	4.42808e+10	5000.000000	4.44092e+10	5000.000000	4.42963e+10	5000.000000	9.93222e+07	5000.000000	1.01901e+08	5000.000000	2.23892e+08	5000.000000	2.48963e+08	5000.000000	3.32899e+08	
5250.000000	5.82743e+10	5250.000000	4.48935e+10	5250.000000	4.65928e+10	5250.000000	4.67276e+10	5250.000000	4.6609e+10	5250.000000	1.02206e+08	5250.000000	1.07935e+08	5250.000000	2.31993e+08	5250.000000	2.58848e+08	5250.000000	3.46624e+08	
5500.000000	6.06787e+10	5500.000000	4.69056e+10	5500.000000	4.88945e+10	5500.000000	4.90357e+10	5500.000000	4.89114e+10	5500.000000	1.04994e+08	5500.000000	1.14028e+08	5500.000000	2.3988e+08	5500.000000	2.68497e+08	5500.000000	3.60044e+08	
6000.000000	6.53102e+10	6000.000000	5.08367e+10	6000.000000	5.34683e+10	6000.000000	5.36219e+10	6000.000000	5.34866e+10	6000.000000	1.10307e+08	6000.000000	1.26385e+08	6000.000000	2.55065e+08	6000.000000	2.87135e+08	6000.000000	3.86022e+08	
6500.000000	6.97167e+10	6500.000000	5.46478e+10	6500.000000	5.80038e+10	6500.000000	5.81696e+10	6500.000000	5.80234e+10	6500.000000	1.15311e+08	6500.000000	1.38965e+08	6500.000000	2.69539e+08	6500.000000	3.04965e+08	6500.000000	4.10943e+08	
7000.000000	7.39119e+10	7000.000000	5.83447e+10	7000.000000	6.2503e+10	7000.000000	6.26808e+10	7000.000000	6.2524e+10	7000.000000	1.20045e+08	7000.000000	1.51763e+08	7000.000000	2.83377e+08	7000.000000	3.22062e+08	7000.000000	4.34902e+08	
7500.000000	7.7909e+10	7500.000000	6.19327e+10	7500.000000	6.69678e+10	7500.000000	6.71573e+10	7500.000000	6.699e+10 	7500.000000	1.24543e+08	7500.000000	1.64763e+08	7500.000000	2.96644e+08	7500.000000	3.38494e+08	7500.000000	4.57982e+08	
8000.000000	8.17207e+10	8000.000000	6.54174e+10	8000.000000	7.13999e+10	8000.000000	7.1601e+10	8000.000000	7.14235e+10	8000.000000	1.2883e+08	8000.000000	1.7796e+08	8000.000000	3.09394e+08	8000.000000	3.54316e+08	8000.000000	4.80256e+08	
8500.000000	8.53588e+10	8500.000000	6.8804e+10	8500.000000	7.58011e+10	8500.000000	7.60136e+10	8500.000000	7.5826e+10	8500.000000	1.3293e+08	8500.000000	1.91357e+08	8500.000000	3.21676e+08	8500.000000	3.6958e+08	8500.000000	5.01789e+08	
9000.000000	8.88344e+10	9000.000000	7.20975e+10	9000.000000	8.0173e+10	9000.000000	8.03967e+10	9000.000000	8.01991e+10	9000.000000	1.36861e+08	9000.000000	2.0495e+08	9000.000000	3.33529e+08	9000.000000	3.84331e+08	9000.000000	5.22637e+08	
9500.000000	9.21579e+10	9500.000000	7.53025e+10	9500.000000	8.45171e+10	9500.000000	8.47517e+10	9500.000000	8.45444e+10	9500.000000	1.4064e+08	9500.000000	2.18732e+08	9500.000000	3.4499e+08	9500.000000	3.98606e+08	9500.000000	5.42852e+08	
10000.000000	9.53388e+10	10000.000000	7.84236e+10	10000.000000	8.88347e+10	10000.000000	8.90802e+10	10000.000000	8.88633e+10	10000.000000	1.44281e+08	10000.000000	2.327e+08 	10000.000000	3.56089e+08	10000.000000	4.12442e+08	10000.000000	5.62478e+08	
11000.000000	1.01308e+11	11000.000000	8.44299e+10	11000.000000	9.73955e+10	11000.000000	9.76622e+10	11000.000000	9.74265e+10	11000.000000	1.51192e+08	11000.000000	2.61175e+08	11000.000000	3.77308e+08	11000.000000	4.38914e+08	11000.000000	6.00122e+08	
12000.000000	1.06804e+11	12000.000000	9.01466e+10	12000.000000	1.05865e+11	12000.000000	1.06152e+11	12000.000000	1.05898e+11	12000.000000	1.57675e+08	12000.000000	2.90337e+08	12000.000000	3.97372e+08	12000.000000	4.6396e+08	12000.000000	6.35847e+08	
13000.000000	1.11882e+11	13000.000000	9.56e+10  	13000.000000	1.1425e+11	13000.000000	1.14557e+11	13000.000000	1.14286e+11	13000.000000	1.6379e+08	13000.000000	3.20153e+08	13000.000000	4.16427e+08	13000.000000	4.87751e+08	13000.000000	6.69878e+08	
14000.000000	1.16587e+11	14000.000000	1.00813e+11	14000.000000	1.22559e+11	14000.000000	1.22885e+11	14000.000000	1.22596e+11	14000.000000	1.69586e+08	14000.000000	3.50598e+08	14000.000000	4.34594e+08	14000.000000	5.1043e+08	14000.000000	7.02402e+08	
15000.000000	1.2096e+11	15000.000000	1.05807e+11	15000.000000	1.30796e+11	15000.000000	1.31142e+11	15000.000000	1.30836e+11	15000.000000	1.75103e+08	15000.000000	3.81649e+08	15000.000000	4.5197e+08	15000.000000	5.32116e+08	15000.000000	7.33578e+08	
16000.000000	1.25034e+11	16000.000000	1.10599e+11	16000.000000	1.38968e+11	16000.000000	1.39332e+11	16000.000000	1.3901e+11	16000.000000	1.80372e+08	16000.000000	4.13286e+08	16000.000000	4.68639e+08	16000.000000	5.52907e+08	16000.000000	7.63537e+08	
17000.000000	1.2884e+11	17000.000000	1.15205e+11	17000.000000	1.47078e+11	17000.000000	1.4746e+11	17000.000000	1.47122e+11	17000.000000	1.85421e+08	17000.000000	4.45486e+08	17000.000000	4.84668e+08	17000.000000	5.7289e+08	17000.000000	7.92391e+08	
18000.000000	1.32403e+11	18000.000000	1.19639e+11	18000.000000	1.5513e+11	18000.000000	1.55531e+11	18000.000000	1.55177e+11	18000.000000	1.90272e+08	18000.000000	4.78231e+08	18000.000000	5.00118e+08	18000.000000	5.92136e+08	18000.000000	8.2024e+08	
19000.000000	1.35746e+11	19000.000000	1.23914e+11	19000.000000	1.63129e+11	19000.000000	1.63548e+11	19000.000000	1.63178e+11	19000.000000	1.94943e+08	19000.000000	5.11503e+08	19000.000000	5.15039e+08	19000.000000	6.10709e+08	19000.000000	8.47167e+08	
20000.000000	1.38888e+11	20000.000000	1.28041e+11	20000.000000	1.71078e+11	20000.000000	1.71513e+11	20000.000000	1.71129e+11	20000.000000	1.99451e+08	20000.000000	5.45284e+08	20000.000000	5.29476e+08	20000.000000	6.28664e+08	20000.000000	8.73246e+08	
21000.000000	1.41848e+11	21000.000000	1.3203e+11	21000.000000	1.78979e+11	21000.000000	1.79431e+11	21000.000000	1.79033e+11	21000.000000	2.03811e+08	21000.000000	5.7956e+08	21000.000000	5.43466e+08	21000.000000	6.46048e+08	21000.000000	8.98541e+08	
22000.000000	1.44641e+11	22000.000000	1.35891e+11	22000.000000	1.86836e+11	22000.000000	1.87304e+11	22000.000000	1.86891e+11	22000.000000	2.08033e+08	22000.000000	6.14308e+08	22000.000000	5.57043e+08	22000.000000	6.62906e+08	22000.000000	9.23111e+08	
23000.000000	1.47281e+11	23000.000000	1.39631e+11	23000.000000	1.9465e+11	23000.000000	1.95133e+11	23000.000000	1.94707e+11	23000.000000	2.1213e+08	23000.000000	6.49519e+08	23000.000000	5.70238e+08	23000.000000	6.79274e+08	23000.000000	9.47005e+08	
24000.000000	1.49779e+11	24000.000000	1.43258e+11	24000.000000	2.02423e+11	24000.000000	2.02922e+11	24000.000000	2.02483e+11	24000.000000	2.1611e+08	24000.000000	6.8519e+08	24000.000000	5.83076e+08	24000.000000	6.95185e+08	24000.000000	9.7027e+08	
25000.000000	1.52148e+11	25000.000000	1.46779e+11	25000.000000	2.10158e+11	25000.000000	2.10673e+11	25000.000000	2.1022e+11	25000.000000	2.19982e+08	25000.000000	7.21301e+08	25000.000000	5.95582e+08	25000.000000	7.10671e+08	25000.000000	9.92946e+08	
26000.000000	1.54396e+11	26000.000000	1.50199e+11	26000.000000	2.17857e+11	26000.000000	2.18386e+11	26000.000000	2.1792e+11	26000.000000	2.23753e+08	26000.000000	7.5783e+08	26000.000000	6.07777e+08	26000.000000	7.25757e+08	26000.000000	1.01507e+09	
27000.000000	1.56533e+11	27000.000000	1.53526e+11	27000.000000	2.2552e+11	27000.000000	2.26064e+11	27000.000000	2.25586e+11	27000.000000	2.2743e+08	27000.000000	7.9477e+08	27000.000000	6.19679e+08	27000.000000	7.40469e+08	27000.000000	1.03667e+09	
28000.000000	1.58567e+11	28000.000000	1.56763e+11	28000.000000	2.3315e+11	28000.000000	2.33708e+11	28000.000000	2.33218e+11	28000.000000	2.31019e+08	28000.000000	8.32117e+08	28000.000000	6.31306e+08	28000.000000	7.54829e+08	28000.000000	1.05779e+09	
29000.000000	1.60505e+11	29000.000000	1.59916e+11	29000.000000	2.40748e+11	29000.000000	2.41319e+11	29000.000000	2.40818e+11	29000.000000	2.34525e+08	29000.000000	8.69868e+08	29000.000000	6.42674e+08	29000.000000	7.68856e+08	29000.000000	1.07845e+09	
30000.000000	1.62353e+11	30000.000000	1.62989e+11	30000.000000	2.48316e+11	30000.000000	2.489e+11 	30000.000000	2.48387e+11	30000.000000	2.37954e+08	30000.000000	9.08016e+08	30000.000000	6.53797e+08	30000.000000	7.82569e+08	30000.000000	1.09866e+09	
32000.000000	1.65805e+11	32000.000000	1.6891e+11	32000.000000	2.63364e+11	32000.000000	2.63973e+11	32000.000000	2.63439e+11	32000.000000	2.44594e+08	32000.000000	9.85474e+08	32000.000000	6.75359e+08	32000.000000	8.09119e+08	32000.000000	1.13788e+09	
34000.000000	1.68965e+11	34000.000000	1.74557e+11	34000.000000	2.78303e+11	34000.000000	2.78936e+11	34000.000000	2.78381e+11	34000.000000	2.50972e+08	34000.000000	1.06443e+09	34000.000000	6.96084e+08	34000.000000	8.34597e+08	34000.000000	1.1756e+09	
36000.000000	1.71867e+11	36000.000000	1.79954e+11	36000.000000	2.93141e+11	36000.000000	2.93796e+11	36000.000000	2.93223e+11	36000.000000	2.57113e+08	36000.000000	1.14482e+09	36000.000000	7.16051e+08	36000.000000	8.59105e+08	36000.000000	1.21197e+09	
38000.000000	1.74542e+11	38000.000000	1.85123e+11	38000.000000	3.07884e+11	38000.000000	3.0856e+11	38000.000000	3.07969e+11	38000.000000	2.63039e+08	38000.000000	1.22656e+09	38000.000000	7.35327e+08	38000.000000	8.82729e+08	38000.000000	1.24709e+09	
40000.000000	1.77015e+11	40000.000000	1.90083e+11	40000.000000	3.22538e+11	40000.000000	3.23234e+11	40000.000000	3.22627e+11	40000.000000	2.68771e+08	40000.000000	1.30959e+09	40000.000000	7.53969e+08	40000.000000	9.05543e+08	40000.000000	1.28108e+09	
42000.000000	1.79307e+11	42000.000000	1.94851e+11	42000.000000	3.3711e+11	42000.000000	3.37824e+11	42000.000000	3.37202e+11	42000.000000	2.74323e+08	42000.000000	1.39384e+09	42000.000000	7.72029e+08	42000.000000	9.27612e+08	42000.000000	1.31403e+09	
44000.000000	1.81438e+11	44000.000000	1.99441e+11	44000.000000	3.51603e+11	44000.000000	3.52334e+11	44000.000000	3.51699e+11	44000.000000	2.7971e+08	44000.000000	1.47929e+09	44000.000000	7.8955e+08	44000.000000	9.48994e+08	44000.000000	1.34601e+09	
46000.000000	1.83422e+11	46000.000000	2.03866e+11	46000.000000	3.66022e+11	46000.000000	3.66768e+11	46000.000000	3.66121e+11	46000.000000	2.84946e+08	46000.000000	1.5659e+09	46000.000000	8.06572e+08	46000.000000	9.69739e+08	46000.000000	1.37709e+09	
48000.000000	1.85275e+11	48000.000000	2.08139e+11	48000.000000	3.8037e+11	48000.000000	3.81131e+11	48000.000000	3.80473e+11	48000.000000	2.90041e+08	48000.000000	1.65363e+09	48000.000000	8.23129e+08	48000.000000	9.89892e+08	48000.000000	1.40733e+09	
50000.000000	1.87009e+11	50000.000000	2.12269e+11	50000.000000	3.94653e+11	50000.000000	3.95425e+11	50000.000000	3.9476e+11	50000.000000	2.95005e+08	50000.000000	1.74245e+09	50000.000000	8.39252e+08	50000.000000	1.00949e+09	50000.000000	1.4368e+09	
