! 8Li range in C10F40H180
! apply ZOOM for details
Energy (MeV/u)1	0 - [He-base] F.Hubert et al, AD&ND Tables 46(1990)1	Energy (MeV/u)2	1 - [H -base] J.F.Ziegler et al,Pergamon Press,NY(low energy)	Energy (MeV/u)3	2 - ATIMA 1.2 LS-theory (recommended for high energy)	Energy (MeV/u)4	3 - ATIMA 1.2 without LS-correction	Energy (MeV/u)5	4 - ATIMA 1.4 H.Weick, improved mean charge formula for HI	Energy (MeV/u)6	5 - Range straggling - method [0] - LISE	Energy (MeV/u)7	6 - Range straggling - method [1] - Atima	Energy (MeV/u)8	7 - Lateral range - method [0] - LISE	Energy (MeV/u)9	8 - Lateral range - method [1] - Atima	Energy (MeV/u)10	9 - Lateral range - method [2] - PDG	
0.001000	3.37555   	0.001000	3.37555   	0.001000	2.61922   	0.001000	2.61922   	0.001000	2.61978   	0.001000	0         	0.001000	0         	0.001000	0.0405558 	0.001000	0.0820096 	0.001000	0.0423583 	
0.002000	6.75109   	0.002000	6.75109   	0.002000	5.23845   	0.002000	5.23845   	0.002000	5.23956   	0.002000	0.212308  	0.002000	0.212308  	0.002000	0.118768  	0.002000	0.232055  	0.002000	0.129732  	
0.005000	15.4455   	0.005000	15.4455   	0.005000	11.8003   	0.005000	11.8003   	0.005000	11.802    	0.005000	0.251086  	0.005000	0.251086  	0.005000	0.413942  	0.005000	0.782177  	0.005000	0.469945  	
0.008000	22.4534   	0.008000	22.4534   	0.008000	17.1084   	0.008000	17.1084   	0.008000	17.1104   	0.008000	0.252347  	0.008000	0.252347  	0.008000	0.732566  	0.008000	1.36419   	0.008000	0.844722  	
0.010000	26.5114   	0.010000	26.5114   	0.010000	20.2144   	0.010000	20.2144   	0.010000	20.2164   	0.010000	0.256427  	0.010000	0.256427  	0.010000	0.946751  	0.010000	1.75169   	0.010000	1.09903   	
0.015000	35.2412   	0.015000	35.2412   	0.015000	27.036    	0.015000	27.036    	0.015000	27.0381   	0.015000	0.275801  	0.015000	0.275801  	0.015000	1.46773   	0.015000	2.67548   	0.015000	1.73817   	
0.020000	42.581    	0.020000	42.581    	0.020000	33.035    	0.020000	33.035    	0.020000	33.0372   	0.020000	0.301139  	0.020000	0.301139  	0.020000	1.93658   	0.020000	3.45307   	0.020000	2.37456   	
0.025000	48.852    	0.025000	48.852    	0.025000	38.4365   	0.025000	38.4365   	0.025000	38.4387   	0.025000	0.326792  	0.025000	0.326792  	0.025000	2.37287   	0.025000	4.14604   	0.025000	2.85669   	
0.030000	54.337    	0.030000	54.337    	0.030000	43.3628   	0.030000	43.3628   	0.030000	43.365    	0.030000	0.35058   	0.030000	0.35058   	0.030000	2.78375   	0.030000	4.78051   	0.030000	3.21676   	
0.035000	59.2786   	0.035000	59.2786   	0.035000	47.9093   	0.035000	47.9093   	0.035000	47.9115   	0.035000	0.372071  	0.035000	0.372071  	0.035000	3.15448   	0.035000	5.33782   	0.035000	3.50438   	
0.040000	63.8244   	0.040000	63.8244   	0.040000	52.1485   	0.040000	52.1485   	0.040000	52.1508   	0.040000	0.391408  	0.040000	0.391408  	0.040000	3.45366   	0.040000	5.78343   	0.040000	3.74385   	
0.045000	68.0631   	0.045000	68.0631   	0.045000	56.1346   	0.045000	56.1346   	0.045000	56.1368   	0.045000	0.408866  	0.045000	0.408866  	0.045000	3.70187   	0.045000	6.15049   	0.045000	3.94617   	
0.050000	72.0529   	0.050000	72.0529   	0.050000	59.9092   	0.050000	59.9092   	0.050000	59.9115   	0.050000	0.424727  	0.050000	0.424114  	0.050000	3.91434   	0.050000	6.46276   	0.050000	4.12463   	
0.055000	75.8329   	0.055000	75.8329   	0.055000	63.5051   	0.055000	63.5051   	0.055000	63.5074   	0.055000	0.439243  	0.055000	0.437596  	0.055000	4.09791   	0.055000	6.73183   	0.055000	4.27982   	
0.060000	79.4326   	0.060000	79.4326   	0.060000	66.9487   	0.060000	66.9487   	0.060000	66.951    	0.060000	0.45263   	0.060000	0.449924  	0.060000	4.26144   	0.060000	6.97076   	0.060000	4.41948   	
0.070000	86.1872   	0.070000	86.1872   	0.070000	73.4611   	0.070000	73.4611   	0.070000	73.4634   	0.070000	0.476703  	0.070000	0.47193   	0.070000	4.54254   	0.070000	7.37971   	0.070000	4.6633    	
0.080000	92.4713   	0.080000	92.4713   	0.080000	79.5783   	0.080000	79.5783   	0.080000	79.5805   	0.080000	0.498042  	0.080000	0.491355  	0.080000	4.78039   	0.080000	7.72363   	0.080000	4.87177   	
0.090000	98.3951   	0.090000	98.3951   	0.090000	85.3939   	0.090000	85.3939   	0.090000	85.3962   	0.090000	0.517405  	0.090000	0.508962  	0.090000	4.98323   	0.090000	8.01564   	0.090000	5.05312   	
0.100000	104.04    	0.100000	104.04    	0.100000	90.977    	0.100000	90.977    	0.100000	90.9793   	0.100000	0.535324  	0.100000	0.525114  	0.100000	5.16577   	0.100000	8.27644   	0.100000	5.217     	
0.120000	114.668   	0.120000	114.668   	0.120000	101.642   	0.120000	101.642   	0.120000	101.644   	0.120000	0.568267  	0.120000	0.554412  	0.120000	5.4809    	0.120000	8.72236   	0.120000	5.50668   	
0.140000	124.657   	0.140000	124.657   	0.140000	111.864   	0.140000	111.864   	0.140000	111.866   	0.140000	0.598908  	0.140000	0.581295  	0.140000	5.75302   	0.140000	9.10175   	0.140000	5.75924   	
0.160000	134.237   	0.160000	134.237   	0.160000	121.829   	0.160000	121.829   	0.160000	121.831   	0.160000	0.628441  	0.160000	0.606943  	0.160000	5.99572   	0.160000	9.43545   	0.160000	5.98827   	
0.180000	143.576   	0.180000	143.576   	0.180000	131.658   	0.180000	131.658   	0.180000	131.66    	0.180000	0.657614  	0.180000	0.632073  	0.180000	6.22035   	0.180000	9.73956   	0.180000	6.20466   	
0.200000	152.778   	0.200000	152.778   	0.200000	141.437   	0.200000	141.437   	0.200000	141.439   	0.200000	0.686926  	0.200000	0.657149  	0.200000	6.43082   	0.200000	10.0211   	0.200000	6.4081    	
0.250000	175.618   	0.250000	175.618   	0.250000	166.017   	0.250000	166.017   	0.250000	166.019   	0.250000	0.762832  	0.250000	0.72145   	0.250000	6.92202   	0.250000	10.6689   	0.250000	6.89344   	
0.300000	198.391   	0.300000	198.391   	0.300000	191.136   	0.300000	191.136   	0.300000	191.138   	0.300000	0.844167  	0.300000	0.78957   	0.300000	7.38406   	0.300000	11.2686   	0.300000	7.3589    	
0.350000	221.415   	0.350000	221.415   	0.350000	216.927   	0.350000	216.927   	0.350000	216.929   	0.350000	0.930918  	0.350000	0.861626  	0.350000	7.82789   	0.350000	11.8396   	0.350000	7.81304   	
0.400000	244.96    	0.400000	244.96    	0.400000	243.592   	0.400000	243.592   	0.400000	243.594   	0.400000	1.02425   	0.400000	0.938563  	0.400000	8.26523   	0.400000	12.3973   	0.400000	8.26665   	
0.450000	269.227   	0.450000	269.227   	0.450000	271.28    	0.450000	271.28    	0.450000	271.282   	0.450000	1.1251    	0.450000	1.02107   	0.450000	8.70128   	0.450000	12.9501   	0.450000	8.72163   	
0.500000	294.323   	0.500000	294.323   	0.500000	300.061   	0.500000	300.061   	0.500000	300.063   	0.500000	1.2337    	0.500000	1.10928   	0.500000	9.14074   	0.500000	13.5039   	0.500000	9.18558   	
0.600000	347.051   	0.600000	347.051   	0.600000	360.949   	0.600000	360.949   	0.600000	360.951   	0.600000	1.47324   	0.600000	1.30372   	0.600000	10.0135   	0.600000	14.6203   	0.600000	10.1314   	
0.700000	403.671   	0.700000	403.671   	0.700000	426.24    	0.700000	426.24    	0.700000	426.242   	0.700000	1.74043   	0.700000	1.52853   	0.700000	10.8469   	0.700000	15.7593   	0.700000	11.109    	
0.800000	463.993   	0.800000	463.993   	0.800000	495.831   	0.800000	495.831   	0.800000	495.833   	0.800000	2.03281   	0.800000	1.77831   	0.800000	11.7091   	0.800000	16.9276   	0.800000	12.1273   	
0.900000	527.689   	0.900000	527.689   	0.900000	569.61    	0.900000	569.61    	0.900000	569.612   	0.900000	2.34842   	0.900000	2.04807   	0.900000	12.5937   	0.900000	18.1206   	0.900000	13.065    	
1.000000	595.206   	1.000000	595.206   	1.000000	647.574   	1.000000	647.574   	1.000000	647.576   	1.000000	2.68698   	1.000000	2.33555   	1.000000	13.5099   	1.000000	19.3456   	1.000000	13.7138   	
1.250000	781.85    	1.250000	781.85    	1.250000	860.661   	1.250000	860.661   	1.250000	860.662   	1.250000	3.63165   	1.250000	3.12262   	1.250000	15.9277   	1.250000	22.4215   	1.250000	15.4957   	
1.500000	998.783   	1.500000	998.783   	1.500000	1098.59   	1.500000	1098.59   	1.500000	1098.59   	1.500000	4.70413   	1.500000	3.98977   	1.500000	18.4644   	1.500000	25.4866   	1.500000	17.4917   	
1.750000	1248.14   	1.750000	1248.14   	1.750000	1360.76   	1.750000	1360.76   	1.750000	1360.76   	1.750000	5.90074   	1.750000	4.9297    	1.750000	20.6906   	1.750000	28.1824   	1.750000	19.6928   	
2.000000	1527.34   	2.000000	1527.34   	2.000000	1646.97   	2.000000	1646.97   	2.000000	1646.97   	2.000000	7.22263   	2.000000	5.94105   	2.000000	23.1034   	2.000000	31.0987   	2.000000	22.0959   	
2.250000	1834.64   	2.250000	1834.64   	2.250000	1957.24   	2.250000	1957.24   	2.250000	1957.24   	2.250000	8.67332   	2.250000	7.02511   	2.250000	25.7187   	2.250000	34.2483   	2.250000	24.701    	
2.500000	2169.33   	2.500000	2168.87   	2.500000	2291.69   	2.500000	2291.69   	2.500000	2291.69   	2.500000	10.2564   	2.500000	8.18347   	2.500000	28.5364   	2.500000	37.6271   	2.500000	27.509    	
3.000000	2943.01   	3.000000	2914.69   	3.000000	3033.37   	3.000000	3033.37   	3.000000	3033.37   	3.000000	13.8299   	3.000000	10.7275   	3.000000	34.7806   	3.000000	45.0607   	3.000000	33.7377   	
3.500000	3818.19   	3.500000	3760.1    	3.500000	3872.21   	3.500000	3872.21   	3.500000	3872.21   	3.500000	17.9568   	3.500000	13.5783   	3.500000	41.8361   	3.500000	53.3799   	3.500000	40.7864   	
4.000000	4793.02   	4.000000	4702.43   	4.000000	4807.95   	4.000000	4807.95   	4.000000	4807.95   	4.000000	22.6422   	4.000000	16.735    	4.000000	49.7015   	4.000000	62.5685   	4.000000	48.6559   	
4.500000	5865.89   	4.500000	5739.92   	4.500000	5839.98   	4.500000	5839.98   	4.500000	5839.97   	4.500000	27.886    	4.500000	20.192    	4.500000	58.3726   	4.500000	72.6106   	4.500000	57.344    	
5.000000	7035.35   	5.000000	6871.14   	5.000000	6967.46   	5.000000	6967.46   	5.000000	6967.45   	5.000000	33.6847   	5.000000	23.943    	5.000000	67.844    	5.000000	83.4909   	5.000000	66.8462   	
5.500000	8300.09   	5.500000	8094.76   	5.500000	8189.46   	5.500000	8189.46   	5.500000	8189.45   	5.500000	40.0335   	5.500000	27.982    	5.500000	78.1076   	5.500000	95.1928   	5.500000	77.1554   	
6.000000	9658.9    	6.000000	9409.53   	6.000000	9505      	6.000000	9505      	6.000000	9505      	6.000000	46.9268   	6.000000	32.303    	6.000000	89.1572   	6.000000	107.703   	6.000000	88.2663   	
6.500000	11110.7   	6.500000	10814.4   	6.500000	10913.1   	6.500000	10913.1   	6.500000	10913.1   	6.500000	54.359    	6.500000	36.9001   	6.500000	100.985   	6.500000	121.006   	6.500000	100.171   	
7.000000	12654.4   	7.000000	12308.2   	7.000000	12412.9   	7.000000	12412.9   	7.000000	12412.9   	7.000000	62.3248   	7.000000	41.7681   	7.000000	113.583   	7.000000	135.091   	7.000000	112.863   	
7.500000	14289.1   	7.500000	13890.2   	7.500000	14003.4   	7.500000	14003.4   	7.500000	14003.4   	7.500000	70.8189   	7.500000	46.9024   	7.500000	126.946   	7.500000	149.945   	7.500000	126.337   	
8.000000	16013.9   	8.000000	15559.3   	8.000000	15683.8   	8.000000	15683.8   	8.000000	15683.8   	8.000000	79.837    	8.000000	52.2984   	8.000000	141.066   	8.000000	165.557   	8.000000	140.585   	
8.500000	17828     	8.500000	17314.8   	8.500000	17453.3   	8.500000	17453.3   	8.500000	17453.3   	8.500000	89.3746   	8.500000	57.951    	8.500000	155.938   	8.500000	181.917   	8.500000	155.603   	
9.000000	19730.4   	9.000000	19155.9   	9.000000	19311.2   	9.000000	19311.2   	9.000000	19311.2   	9.000000	99.4281   	9.000000	63.8557   	9.000000	171.556   	9.000000	199.015   	9.000000	171.384   	
9.500000	21720.6   	9.500000	21081.8   	9.500000	21256.8   	9.500000	21256.8   	9.500000	21256.8   	9.500000	109.994   	9.500000	70.0098   	9.500000	187.914   	9.500000	216.844   	9.500000	187.924   	
10.000000	23797.8   	10.000000	23092.4   	10.000000	23289.4   	10.000000	23289.4   	10.000000	23289.4   	10.000000	121.069   	10.000000	76.4118   	10.000000	205.009   	10.000000	235.394   	10.000000	205.219   	
11.000000	28210.3   	11.000000	27392.6   	11.000000	27615.8   	11.000000	27615.4   	11.000000	27615.8   	11.000000	144.778   	11.000000	89.9764   	11.000000	241.414   	11.000000	274.66    	11.000000	242.081   	
12.000000	32962.8   	12.000000	32030.4   	12.000000	32288.5   	12.000000	32287.2   	12.000000	32288.8   	12.000000	170.565   	12.000000	104.551   	12.000000	280.767   	12.000000	316.787   	12.000000	281.967   	
13.000000	38050.6   	13.000000	37001.6   	13.000000	37303.2   	13.000000	37300.3   	13.000000	37303.8   	13.000000	198.403   	13.000000	120.105   	13.000000	323.037   	13.000000	361.727   	13.000000	324.849   	
14.000000	43469.1   	14.000000	42302.2   	14.000000	42655.8   	14.000000	42650.8   	14.000000	42656.9   	14.000000	228.262   	14.000000	136.615   	14.000000	368.194   	14.000000	409.434   	14.000000	370.698   	
15.000000	49214.4   	15.000000	47928.5   	15.000000	48342.3   	15.000000	48335     	15.000000	48344.3   	15.000000	260.12    	15.000000	154.069   	15.000000	416.211   	15.000000	459.867   	15.000000	419.488   	
16.000000	55282.5   	16.000000	53877.1   	16.000000	54359.1   	16.000000	54349.1   	16.000000	54362.1   	16.000000	293.95    	16.000000	172.452   	16.000000	467.058   	16.000000	512.983   	16.000000	471.192   	
17.000000	61669.7   	17.000000	60144.6   	17.000000	60702.4   	17.000000	60689.6   	17.000000	60706.9   	17.000000	329.729   	17.000000	191.739   	17.000000	520.708   	17.000000	568.746   	17.000000	525.784   	
18.000000	68372.5   	18.000000	66727.9   	18.000000	67368.8   	18.000000	67352.9   	18.000000	67374.9   	18.000000	367.43    	18.000000	211.91    	18.000000	577.133   	18.000000	627.116   	18.000000	583.237   	
19.000000	75387.7   	19.000000	73624.1   	19.000000	74354.6   	19.000000	74335.6   	19.000000	74362.7   	19.000000	407.028   	19.000000	232.951   	19.000000	636.304   	19.000000	688.054   	19.000000	643.522   	
20.000000	82712     	20.000000	80830.3   	20.000000	81656.2   	20.000000	81634.2   	20.000000	81666.6   	20.000000	448.495   	20.000000	254.846   	20.000000	698.189   	20.000000	751.524   	20.000000	706.612   	
21.000000	90342.5   	21.000000	88343.7   	21.000000	89270.4   	21.000000	89245.1   	21.000000	89283.2   	21.000000	491.804   	21.000000	277.577   	21.000000	762.76    	21.000000	817.489   	21.000000	772.477   	
22.000000	98276.2   	22.000000	96161.8   	22.000000	97193.4   	22.000000	97164.8   	22.000000	97208.8   	22.000000	536.925   	22.000000	301.127   	22.000000	829.984   	22.000000	885.908   	22.000000	841.087   	
23.000000	106510    	23.000000	104282    	23.000000	105421    	23.000000	105390    	23.000000	105440    	23.000000	583.827   	23.000000	325.48    	23.000000	899.83    	23.000000	956.747   	23.000000	912.41    	
24.000000	115042    	24.000000	112702    	24.000000	113950    	24.000000	113916    	24.000000	113973    	24.000000	632.48    	24.000000	350.618   	24.000000	972.263   	24.000000	1029.96   	24.000000	986.415   	
25.000000	123870    	25.000000	121419    	25.000000	122777    	25.000000	122741    	25.000000	122803    	25.000000	682.849   	25.000000	376.522   	25.000000	1047.25   	25.000000	1105.52   	25.000000	1063.07   	
27.000000	142400    	27.000000	139736    	27.000000	141309    	27.000000	141269    	27.000000	141344    	27.000000	788.602   	27.000000	430.561   	27.000000	1204.74   	27.000000	1263.51   	27.000000	1224.18   	
29.000000	162082    	29.000000	159216    	29.000000	160986    	29.000000	160943    	29.000000	161030    	29.000000	900.799   	29.000000	487.441   	29.000000	1372      	29.000000	1430.39   	29.000000	1395.46   	
31.000000	182899    	31.000000	179843    	31.000000	181780    	31.000000	181737    	31.000000	181835    	31.000000	1019.2    	31.000000	546.999   	31.000000	1548.76   	31.000000	1605.88   	31.000000	1576.63   	
33.000000	204833    	33.000000	201600    	33.000000	203688    	33.000000	203646    	33.000000	203754    	33.000000	1143.94   	33.000000	609.342   	33.000000	1734.99   	33.000000	1789.91   	33.000000	1767.7    	
35.000000	227868    	35.000000	224472    	35.000000	226698    	35.000000	226660    	35.000000	226775    	35.000000	1275      	35.000000	674.445   	35.000000	1930.59   	35.000000	1982.38   	35.000000	1968.56   	
38.000000	264453    	38.000000	260841    	38.000000	263248    	38.000000	263221    	38.000000	263342    	38.000000	1483.22   	38.000000	777.152   	38.000000	2241.27   	38.000000	2286.57   	38.000000	2287.95   	
41.000000	303434    	41.000000	299643    	41.000000	302199    	41.000000	302190    	41.000000	302313    	41.000000	1705.15   	41.000000	885.86    	41.000000	2572.31   	41.000000	2608.96   	41.000000	2628.72   	
44.000000	344766    	44.000000	340832    	44.000000	343509    	44.000000	343524    	44.000000	343645    	44.000000	1940.52   	44.000000	1000.35   	44.000000	2923.31   	44.000000	2949.14   	44.000000	2990.51   	
47.000000	388406    	47.000000	384369    	47.000000	387137    	47.000000	387184    	47.000000	387297    	47.000000	2189.03   	47.000000	1120.5    	47.000000	3293.9    	47.000000	3306.73   	47.000000	3372.99   	
50.000000	434315    	50.000000	430214    	50.000000	433047    	50.000000	433131    	50.000000	433232    	50.000000	2450.43   	50.000000	1246.21   	50.000000	3683.72   	50.000000	3681.37   	50.000000	3775.84   	
55.000000	515770    	55.000000	511649    	55.000000	514541    	55.000000	514693    	55.000000	514765    	55.000000	2914.02   	55.000000	1467.74   	55.000000	4375.24   	55.000000	4342.75   	55.000000	4491.7    	
60.000000	603258    	60.000000	599225    	60.000000	602109    	60.000000	602351    	60.000000	602381    	60.000000	3411.52   	60.000000	1703.9    	60.000000	5117.73   	60.000000	5049.12   	60.000000	5261.95   	
65.000000	696629    	65.000000	692789    	65.000000	695614    	65.000000	695956    	65.000000	695931    	65.000000	3941.81   	65.000000	1954.02   	65.000000	5909.77   	65.000000	5799.14   	65.000000	6085.32   	
70.000000	795741    	70.000000	792195    	70.000000	794908    	70.000000	795368    	70.000000	795276    	70.000000	4503.83   	70.000000	2217.8    	70.000000	6750.02   	70.000000	6591.57   	70.000000	6960.64   	
75.000000	900463    	75.000000	897304    	75.000000	899860    	75.000000	900457    	75.000000	900284    	75.000000	5096.57   	75.000000	2494.72   	75.000000	7637.17   	75.000000	7425.25   	75.000000	7886.77   	
80.000000	1.01067e+06	80.000000	1.00799e+06	80.000000	1.01035e+06	80.000000	1.0111e+06	80.000000	1.01083e+06	80.000000	5719.05   	80.000000	2784.53   	80.000000	8570.03   	80.000000	8299.1    	80.000000	8862.62   	
85.000000	1.12625e+06	85.000000	1.12411e+06	85.000000	1.12626e+06	85.000000	1.12717e+06	85.000000	1.1268e+06	85.000000	6370.35   	85.000000	3086.63   	85.000000	9547.41   	85.000000	9212.08   	85.000000	9887.18   	
90.000000	1.2471e+06	90.000000	1.24557e+06	90.000000	1.24747e+06	90.000000	1.24856e+06	90.000000	1.24807e+06	90.000000	7049.56   	90.000000	3400.73   	90.000000	10568.2   	90.000000	10163.2   	90.000000	10959.5   	
95.000000	1.3731e+06	95.000000	1.37224e+06	95.000000	1.37388e+06	95.000000	1.37515e+06	95.000000	1.37454e+06	95.000000	7755.82   	95.000000	3726.51   	95.000000	11631.3   	95.000000	11151.6   	95.000000	12078.5   	
100.000000	1.50416e+06	100.000000	1.50402e+06	100.000000	1.50537e+06	100.000000	1.50685e+06	100.000000	1.5061e+06	100.000000	8488.29   	100.000000	4063.68   	100.000000	12735.6   	100.000000	12176.3   	100.000000	13243.3   	
105.000000	1.64018e+06	105.000000	1.64079e+06	105.000000	1.64185e+06	105.000000	1.64356e+06	105.000000	1.64265e+06	105.000000	9246.17   	105.000000	4411.94   	105.000000	13880.2   	105.000000	13236.6   	105.000000	14453.1   	
110.000000	1.78109e+06	110.000000	1.78246e+06	110.000000	1.78323e+06	110.000000	1.78517e+06	110.000000	1.78409e+06	110.000000	10028.7   	110.000000	4771.07   	110.000000	15064     	110.000000	14331.5   	110.000000	15706.9   	
115.000000	1.92678e+06	115.000000	1.92893e+06	115.000000	1.9294e+06	115.000000	1.93159e+06	115.000000	1.93033e+06	115.000000	10835.1   	115.000000	5140.67   	115.000000	16286.2   	115.000000	15460.3   	115.000000	17004     	
120.000000	2.07718e+06	120.000000	2.0801e+06	120.000000	2.08028e+06	120.000000	2.08273e+06	120.000000	2.08128e+06	120.000000	11664.7   	120.000000	5520.28   	120.000000	17545.7   	120.000000	16622.3   	120.000000	18343.6   	
125.000000	2.23221e+06	125.000000	2.23589e+06	125.000000	2.23577e+06	125.000000	2.2385e+06	125.000000	2.23685e+06	125.000000	12516.7   	125.000000	5909.96   	125.000000	18841.8   	125.000000	17816.7   	125.000000	19724.7   	
130.000000	2.39179e+06	130.000000	2.39621e+06	130.000000	2.39579e+06	130.000000	2.39881e+06	130.000000	2.39695e+06	130.000000	13390.5   	130.000000	6309.29   	130.000000	20173.6   	130.000000	19042.8   	130.000000	21146.7   	
135.000000	2.55586e+06	135.000000	2.56096e+06	135.000000	2.56027e+06	135.000000	2.5636e+06	135.000000	2.5615e+06	135.000000	14285.4   	135.000000	6717.88   	135.000000	21540.1   	135.000000	20300     	135.000000	22608.9   	
140.000000	2.72434e+06	140.000000	2.73007e+06	140.000000	2.72913e+06	140.000000	2.73276e+06	140.000000	2.73043e+06	140.000000	15200.8   	140.000000	7135.59   	140.000000	22940.7   	140.000000	21587.5   	140.000000	24110.4   	
145.000000	2.89717e+06	145.000000	2.90346e+06	145.000000	2.90227e+06	145.000000	2.90623e+06	145.000000	2.90365e+06	145.000000	16136.1   	145.000000	7562.2    	145.000000	24374.4   	145.000000	22904.9   	145.000000	25650.6   	
150.000000	3.07427e+06	150.000000	3.08105e+06	150.000000	3.07963e+06	150.000000	3.08393e+06	150.000000	3.08109e+06	150.000000	17090.6   	150.000000	7997.52   	150.000000	25840.6   	150.000000	24251.4   	150.000000	27228.8   	
155.000000	3.31764e+06	155.000000	3.26277e+06	155.000000	3.26113e+06	155.000000	3.26578e+06	155.000000	3.26267e+06	155.000000	18063.9   	155.000000	8441.37   	155.000000	27338.5   	155.000000	25626.5   	155.000000	28844.4   	
160.000000	3.56842e+06	160.000000	3.44853e+06	160.000000	3.4467e+06	160.000000	3.45172e+06	160.000000	3.44832e+06	160.000000	19055.3   	160.000000	8893.55   	160.000000	28867.3   	160.000000	27029.5   	160.000000	30496.5   	
165.000000	3.82438e+06	165.000000	3.63828e+06	165.000000	3.63626e+06	165.000000	3.64167e+06	165.000000	3.63798e+06	165.000000	20064.2   	165.000000	9353.9    	165.000000	30426.4   	165.000000	28460     	165.000000	32184.8   	
170.000000	4.08545e+06	170.000000	3.83194e+06	170.000000	3.82977e+06	170.000000	3.83556e+06	170.000000	3.83156e+06	170.000000	21090.3   	170.000000	9822.24   	170.000000	32015.1   	170.000000	29917.4   	170.000000	33908.3   	
175.000000	4.35153e+06	175.000000	4.02944e+06	175.000000	4.02713e+06	175.000000	4.03334e+06	175.000000	4.02902e+06	175.000000	22132.8   	175.000000	10298.4   	175.000000	33632.6   	175.000000	31401     	175.000000	35666.7   	
180.000000	4.62254e+06	180.000000	4.23072e+06	180.000000	4.22829e+06	180.000000	4.23492e+06	180.000000	4.23027e+06	180.000000	23191.5   	180.000000	10782.3   	180.000000	35278.4   	180.000000	32910.6   	180.000000	37459.2   	
185.000000	4.8984e+06	185.000000	4.43571e+06	185.000000	4.43319e+06	185.000000	4.44026e+06	185.000000	4.43527e+06	185.000000	24265.6   	185.000000	11273.6   	185.000000	36951.7   	185.000000	34445.4   	185.000000	39285.3   	
190.000000	5.17902e+06	190.000000	4.64436e+06	190.000000	4.64177e+06	190.000000	4.64928e+06	190.000000	4.64394e+06	190.000000	25354.9   	190.000000	11772.1   	190.000000	38652.1   	190.000000	36005.1   	190.000000	41144.4   	
195.000000	5.46434e+06	195.000000	4.85659e+06	195.000000	4.85398e+06	195.000000	4.86193e+06	195.000000	4.85623e+06	195.000000	26458.8   	195.000000	12277.5   	195.000000	40378.8   	195.000000	37589.1   	195.000000	43036     	
200.000000	5.75427e+06	200.000000	5.07236e+06	200.000000	5.06973e+06	200.000000	5.07815e+06	200.000000	5.07207e+06	200.000000	27576.9   	200.000000	12789.9   	200.000000	42131.2   	200.000000	39197     	200.000000	44959.4   	
210.000000	6.3477e+06	210.000000	5.51426e+06	210.000000	5.51166e+06	210.000000	5.52105e+06	210.000000	5.51421e+06	210.000000	29853.9   	210.000000	13835.1   	210.000000	45711.1   	210.000000	42482.7   	210.000000	48899.8   	
220.000000	6.95872e+06	220.000000	5.96962e+06	220.000000	5.96715e+06	220.000000	5.97756e+06	220.000000	5.96989e+06	220.000000	32182.7   	220.000000	14905.8   	220.000000	49387.3   	220.000000	45858.6   	220.000000	52961.4   	
230.000000	7.58683e+06	230.000000	6.43801e+06	230.000000	6.43574e+06	230.000000	6.44723e+06	230.000000	6.4387e+06	230.000000	34560.1   	230.000000	16000.8   	230.000000	53155.5   	230.000000	49321.4   	230.000000	57140.2   	
240.000000	8.23149e+06	240.000000	6.91902e+06	240.000000	6.91707e+06	240.000000	6.92966e+06	240.000000	6.92023e+06	240.000000	36983.2   	240.000000	17119.9   	240.000000	57011.7   	240.000000	52867.8   	240.000000	61432.3   	
250.000000	8.89223e+06	250.000000	7.41227e+06	250.000000	7.41073e+06	250.000000	7.42445e+06	250.000000	7.41409e+06	250.000000	39449.1   	250.000000	18262.6   	250.000000	60951.9   	250.000000	56494.9   	250.000000	65833.9   	
260.000000	9.56858e+06	260.000000	7.91739e+06	260.000000	7.91631e+06	260.000000	7.93123e+06	260.000000	7.9199e+06	260.000000	41955.2   	260.000000	19426.1   	260.000000	64972.5   	260.000000	60199.6   	260.000000	70341.6   	
270.000000	1.02601e+07	270.000000	8.43402e+06	270.000000	8.43349e+06	270.000000	8.44964e+06	270.000000	8.43729e+06	270.000000	44499     	270.000000	20610.5   	270.000000	69070     	270.000000	63979.3   	270.000000	74951.8   	
280.000000	1.09663e+07	280.000000	8.96182e+06	280.000000	8.96189e+06	280.000000	8.97932e+06	280.000000	8.96592e+06	280.000000	47078.1   	280.000000	21815.3   	280.000000	73240.9   	280.000000	67831.1   	280.000000	79661.1   	
290.000000	1.16869e+07	290.000000	9.50047e+06	290.000000	9.50119e+06	290.000000	9.51995e+06	290.000000	9.50547e+06	290.000000	49690.3   	290.000000	23040     	290.000000	77482     	290.000000	71752.5   	290.000000	84466.5   	
300.000000	1.24215e+07	300.000000	1.00497e+07	300.000000	1.00511e+07	300.000000	1.00712e+07	300.000000	1.00556e+07	300.000000	52333.5   	300.000000	24283.3   	300.000000	81790.3   	300.000000	75741.1   	300.000000	89364.8   	
310.000000	1.31696e+07	310.000000	1.06091e+07	310.000000	1.06113e+07	310.000000	1.06328e+07	310.000000	1.0616e+07	310.000000	55005.5   	310.000000	25544     	310.000000	86162.7   	310.000000	79794.4   	310.000000	94353     	
320.000000	1.39309e+07	320.000000	1.11784e+07	320.000000	1.11814e+07	320.000000	1.12044e+07	320.000000	1.11864e+07	320.000000	57704.6   	320.000000	26822     	320.000000	90596.4   	320.000000	83910.2   	320.000000	99428.2   	
330.000000	1.4705e+07	330.000000	1.17575e+07	330.000000	1.17613e+07	330.000000	1.17857e+07	330.000000	1.17665e+07	330.000000	60428.8   	330.000000	28117.1   	330.000000	95088.7   	330.000000	88086.3   	330.000000	104588    	
340.000000	1.54917e+07	340.000000	1.23459e+07	340.000000	1.23505e+07	340.000000	1.23764e+07	340.000000	1.2356e+07	340.000000	63176.5   	340.000000	29427.9   	340.000000	99637     	340.000000	92320.5   	340.000000	109829    	
350.000000	1.62906e+07	350.000000	1.29434e+07	350.000000	1.2949e+07	350.000000	1.29764e+07	350.000000	1.29547e+07	350.000000	65945.9   	350.000000	30753.4   	350.000000	104239    	350.000000	96610.8   	350.000000	115149    	
360.000000	1.71014e+07	360.000000	1.35499e+07	360.000000	1.35563e+07	360.000000	1.35853e+07	360.000000	1.35622e+07	360.000000	68735.6   	360.000000	32093.7   	360.000000	108892    	360.000000	100955    	360.000000	120545    	
370.000000	1.79237e+07	370.000000	1.4165e+07	370.000000	1.41723e+07	370.000000	1.42028e+07	370.000000	1.41784e+07	370.000000	71544.2   	370.000000	33449.1   	370.000000	113594    	370.000000	105352    	370.000000	126016    	
380.000000	1.87574e+07	380.000000	1.47885e+07	380.000000	1.47966e+07	380.000000	1.48288e+07	380.000000	1.48031e+07	380.000000	74370.1   	380.000000	34819     	380.000000	118342    	380.000000	109799    	380.000000	131558    	
390.000000	1.96021e+07	390.000000	1.54203e+07	390.000000	1.54292e+07	390.000000	1.5463e+07	390.000000	1.54359e+07	390.000000	77212.3   	390.000000	36202.2   	390.000000	123135    	390.000000	114295    	390.000000	137169    	
400.000000	2.04575e+07	400.000000	1.606e+07 	400.000000	1.60697e+07	400.000000	1.61053e+07	400.000000	1.60767e+07	400.000000	80069.2   	400.000000	37598.2   	400.000000	127971    	400.000000	118838    	400.000000	142848    	
410.000000	2.13234e+07	410.000000	1.67075e+07	410.000000	1.6718e+07	410.000000	1.67552e+07	410.000000	1.67252e+07	410.000000	82939.8   	410.000000	39006.8   	410.000000	132847    	410.000000	123427    	410.000000	148593    	
420.000000	2.21995e+07	420.000000	1.73625e+07	420.000000	1.73738e+07	420.000000	1.74128e+07	420.000000	1.73813e+07	420.000000	85823     	420.000000	40427     	420.000000	137762    	420.000000	128059    	420.000000	154400    	
430.000000	2.30856e+07	430.000000	1.8025e+07	430.000000	1.80369e+07	430.000000	1.80777e+07	430.000000	1.80447e+07	430.000000	88717.5   	430.000000	41858     	430.000000	142714    	430.000000	132734    	430.000000	160268    	
440.000000	2.39814e+07	440.000000	1.86946e+07	440.000000	1.87071e+07	440.000000	1.87498e+07	440.000000	1.87152e+07	440.000000	91622.4   	440.000000	43299.7   	440.000000	147701    	440.000000	137449    	440.000000	166196    	
450.000000	2.48868e+07	450.000000	1.93712e+07	450.000000	1.93844e+07	450.000000	1.94289e+07	450.000000	1.93927e+07	450.000000	94536.7   	450.000000	44752.4   	450.000000	152721    	450.000000	142204    	450.000000	172180    	
460.000000	2.58014e+07	460.000000	2.00547e+07	460.000000	2.00684e+07	460.000000	2.01147e+07	460.000000	2.0077e+07	460.000000	97459.4   	460.000000	46216.2   	460.000000	157774    	460.000000	146997    	460.000000	178221    	
470.000000	2.67251e+07	470.000000	2.07448e+07	470.000000	2.0759e+07	470.000000	2.08072e+07	470.000000	2.07678e+07	470.000000	100390    	470.000000	47690.6   	470.000000	162857    	470.000000	151826    	470.000000	184315    	
480.000000	2.76577e+07	480.000000	2.14414e+07	480.000000	2.1456e+07	480.000000	2.15061e+07	480.000000	2.14651e+07	480.000000	103327    	480.000000	49175     	480.000000	167969    	480.000000	156691    	480.000000	190461    	
490.000000	2.85989e+07	490.000000	2.21444e+07	490.000000	2.21592e+07	490.000000	2.22113e+07	490.000000	2.21687e+07	490.000000	106270    	490.000000	50668.6   	490.000000	173109    	490.000000	161591    	490.000000	196657    	
500.000000	2.95485e+07	500.000000	2.28535e+07	500.000000	2.28685e+07	500.000000	2.29226e+07	500.000000	2.28783e+07	500.000000	109218    	500.000000	52170.9   	500.000000	178274    	500.000000	166523    	500.000000	202902    	
520.000000	3.14723e+07	520.000000	2.42897e+07	520.000000	2.43049e+07	520.000000	2.4363e+07	520.000000	2.43152e+07	520.000000	115127    	520.000000	55202.4   	520.000000	188679    	520.000000	176481    	520.000000	215533    	
540.000000	3.34277e+07	540.000000	2.57488e+07	540.000000	2.57639e+07	540.000000	2.5826e+07	540.000000	2.57747e+07	540.000000	121048    	540.000000	58269.2   	540.000000	199174    	540.000000	186558    	540.000000	228340    	
560.000000	3.54131e+07	560.000000	2.72298e+07	560.000000	2.72442e+07	560.000000	2.73105e+07	560.000000	2.72556e+07	560.000000	126976    	560.000000	61366.8   	560.000000	209750    	560.000000	196745    	560.000000	241313    	
580.000000	3.74273e+07	580.000000	2.87316e+07	580.000000	2.8745e+07	580.000000	2.88154e+07	580.000000	2.8757e+07	580.000000	132908    	580.000000	64495.4   	580.000000	220397    	580.000000	207035    	580.000000	254442    	
600.000000	3.9469e+07	600.000000	3.02533e+07	600.000000	3.02651e+07	600.000000	3.03399e+07	600.000000	3.02777e+07	600.000000	138838    	600.000000	67654.3   	600.000000	231109    	600.000000	217419    	600.000000	267716    	
620.000000	4.1537e+07	620.000000	3.17939e+07	620.000000	3.18036e+07	620.000000	3.18828e+07	620.000000	3.18168e+07	620.000000	144764    	620.000000	70839.9   	620.000000	241878    	620.000000	227892    	620.000000	281126    	
640.000000	4.363e+07 	640.000000	3.33525e+07	640.000000	3.33596e+07	640.000000	3.34434e+07	640.000000	3.33735e+07	640.000000	150683    	640.000000	74050     	640.000000	252697    	640.000000	238446    	640.000000	294664    	
660.000000	4.57471e+07	660.000000	3.49285e+07	660.000000	3.49324e+07	660.000000	3.50208e+07	660.000000	3.4947e+07	660.000000	156590    	660.000000	77284.2   	660.000000	263560    	660.000000	249076    	660.000000	308320    	
680.000000	4.78872e+07	680.000000	3.65208e+07	680.000000	3.65212e+07	680.000000	3.66142e+07	680.000000	3.65364e+07	680.000000	162485    	680.000000	80541.1   	680.000000	274462    	680.000000	259775    	680.000000	322088    	
700.000000	5.00492e+07	700.000000	3.81289e+07	700.000000	3.81252e+07	700.000000	3.82228e+07	700.000000	3.81409e+07	700.000000	168363    	700.000000	83819.9   	700.000000	285396    	700.000000	270539    	700.000000	335959    	
720.000000	5.22322e+07	720.000000	3.9752e+07	720.000000	3.97436e+07	720.000000	3.98459e+07	720.000000	3.976e+07 	720.000000	174224    	720.000000	87120     	720.000000	296358    	720.000000	281363    	720.000000	349926    	
740.000000	5.44353e+07	740.000000	4.13894e+07	740.000000	4.13758e+07	740.000000	4.14829e+07	740.000000	4.13928e+07	740.000000	180065    	740.000000	90440.1   	740.000000	307343    	740.000000	292241    	740.000000	363984    	
760.000000	5.66576e+07	760.000000	4.30406e+07	760.000000	4.30211e+07	760.000000	4.31332e+07	760.000000	4.30388e+07	760.000000	185884    	760.000000	93777.9   	760.000000	318347    	760.000000	303169    	760.000000	378125    	
780.000000	5.88984e+07	780.000000	4.47048e+07	780.000000	4.4679e+07	780.000000	4.4796e+07	780.000000	4.46974e+07	780.000000	191680    	780.000000	97131.8   	780.000000	329365    	780.000000	314144    	780.000000	392345    	
800.000000	6.11567e+07	800.000000	4.63815e+07	800.000000	4.6349e+07	800.000000	4.64709e+07	800.000000	4.6368e+07	800.000000	197452    	800.000000	100502    	800.000000	340395    	800.000000	325160    	800.000000	406636    	
820.000000	6.34318e+07	820.000000	4.80702e+07	820.000000	4.80305e+07	820.000000	4.81573e+07	820.000000	4.80501e+07	820.000000	203199    	820.000000	103888    	820.000000	351432    	820.000000	336214    	820.000000	420994    	
840.000000	6.57231e+07	840.000000	4.97703e+07	840.000000	4.97229e+07	840.000000	4.98546e+07	840.000000	4.9743e+07	840.000000	208918    	840.000000	107292    	840.000000	362473    	840.000000	347303    	840.000000	435414    	
860.000000	6.80297e+07	860.000000	5.14814e+07	860.000000	5.14257e+07	860.000000	5.15625e+07	860.000000	5.14465e+07	860.000000	214610    	860.000000	110712    	860.000000	373516    	860.000000	358424    	860.000000	449891    	
880.000000	7.03511e+07	880.000000	5.32029e+07	880.000000	5.31384e+07	880.000000	5.32803e+07	880.000000	5.31599e+07	880.000000	220273    	880.000000	114147    	880.000000	384557    	880.000000	369572    	880.000000	464420    	
900.000000	7.26864e+07	900.000000	5.49343e+07	900.000000	5.48607e+07	900.000000	5.50078e+07	900.000000	5.48828e+07	900.000000	225907    	900.000000	117597    	900.000000	395594    	900.000000	380745    	900.000000	478998    	
920.000000	7.50353e+07	920.000000	5.66754e+07	920.000000	5.6592e+07	920.000000	5.67443e+07	920.000000	5.66149e+07	920.000000	231511    	920.000000	121060    	920.000000	406624    	920.000000	391940    	920.000000	493620    	
940.000000	7.7397e+07	940.000000	5.84255e+07	940.000000	5.83321e+07	940.000000	5.84897e+07	940.000000	5.83557e+07	940.000000	237085    	940.000000	124535    	940.000000	417645    	940.000000	403156    	940.000000	508282    	
960.000000	7.97709e+07	960.000000	6.01844e+07	960.000000	6.00806e+07	960.000000	6.02434e+07	960.000000	6.01048e+07	960.000000	242627    	960.000000	128022    	960.000000	428656    	960.000000	414387    	960.000000	522981    	
980.000000	8.21565e+07	980.000000	6.19515e+07	980.000000	6.1837e+07	980.000000	6.20051e+07	980.000000	6.18618e+07	980.000000	248139    	980.000000	131519    	980.000000	439654    	980.000000	425634    	980.000000	537712    	
1000.000000	8.45533e+07	1000.000000	6.37267e+07	1000.000000	6.36011e+07	1000.000000	6.37744e+07	1000.000000	6.36265e+07	1000.000000	253618    	1000.000000	135027    	1000.000000	450637    	1000.000000	436893    	1000.000000	552474    	
1020.000000	8.69608e+07	1020.000000	6.55095e+07	1020.000000	6.53725e+07	1020.000000	6.55511e+07	1020.000000	6.53985e+07	1020.000000	259065    	1020.000000	138546    	1020.000000	461604    	1020.000000	448162    	1020.000000	567262    	
1040.000000	8.93784e+07	1040.000000	6.72995e+07	1040.000000	6.71509e+07	1040.000000	6.73347e+07	1040.000000	6.71775e+07	1040.000000	264480    	1040.000000	142076    	1040.000000	472553    	1040.000000	459439    	1040.000000	582074    	
1060.000000	9.18057e+07	1060.000000	6.90965e+07	1060.000000	6.89359e+07	1060.000000	6.91251e+07	1060.000000	6.89631e+07	1060.000000	269863    	1060.000000	145618    	1060.000000	483482    	1060.000000	470722    	1060.000000	596907    	
1080.000000	9.42423e+07	1080.000000	7.09001e+07	1080.000000	7.07273e+07	1080.000000	7.09218e+07	1080.000000	7.07551e+07	1080.000000	275213    	1080.000000	149170    	1080.000000	494391    	1080.000000	482010    	1080.000000	611759    	
1100.000000	9.66876e+07	1100.000000	7.271e+07 	1100.000000	7.25247e+07	1100.000000	7.27247e+07	1100.000000	7.25532e+07	1100.000000	280530    	1100.000000	152735    	1100.000000	505278    	1100.000000	493300    	1100.000000	626626    	
1120.000000	9.91413e+07	1120.000000	7.4526e+07	1120.000000	7.4328e+07	1120.000000	7.45334e+07	1120.000000	7.43572e+07	1120.000000	285815    	1120.000000	156309    	1120.000000	516142    	1120.000000	504592    	1120.000000	641506    	
1140.000000	1.01603e+08	1140.000000	7.63478e+07	1140.000000	7.61368e+07	1140.000000	7.63478e+07	1140.000000	7.61667e+07	1140.000000	291067    	1140.000000	159893    	1140.000000	526982    	1140.000000	515883    	1140.000000	656397    	
1160.000000	1.04072e+08	1160.000000	7.8175e+07	1160.000000	7.7951e+07	1160.000000	7.81675e+07	1160.000000	7.79816e+07	1160.000000	296286    	1160.000000	163486    	1160.000000	537796    	1160.000000	527172    	1160.000000	671297    	
1180.000000	1.06548e+08	1180.000000	8.00075e+07	1180.000000	7.97704e+07	1180.000000	7.99923e+07	1180.000000	7.98016e+07	1180.000000	301472    	1180.000000	167088    	1180.000000	548585    	1180.000000	538457    	1180.000000	686204    	
1200.000000	1.09031e+08	1200.000000	8.18449e+07	1200.000000	8.15946e+07	1200.000000	8.18221e+07	1200.000000	8.16265e+07	1200.000000	306626    	1200.000000	170698    	1200.000000	559347    	1200.000000	549738    	1200.000000	701116    	
1220.000000	1.11521e+08	1220.000000	8.36871e+07	1220.000000	8.34236e+07	1220.000000	8.36566e+07	1220.000000	8.34561e+07	1220.000000	311747    	1220.000000	174316    	1220.000000	570081    	1220.000000	561013    	1220.000000	716031    	
1240.000000	1.14017e+08	1240.000000	8.55339e+07	1240.000000	8.5257e+07	1240.000000	8.54955e+07	1240.000000	8.52902e+07	1240.000000	316836    	1240.000000	177942    	1240.000000	580787    	1240.000000	572281    	1240.000000	730946    	
1260.000000	1.16518e+08	1260.000000	8.73849e+07	1260.000000	8.70947e+07	1260.000000	8.73388e+07	1260.000000	8.71286e+07	1260.000000	321892    	1260.000000	181576    	1260.000000	591463    	1260.000000	583541    	1260.000000	745861    	
1280.000000	1.19025e+08	1280.000000	8.924e+07 	1280.000000	8.89365e+07	1280.000000	8.91862e+07	1280.000000	8.89711e+07	1280.000000	326916    	1280.000000	185218    	1280.000000	602111    	1280.000000	594791    	1280.000000	760774    	
1300.000000	1.21537e+08	1300.000000	9.1099e+07	1300.000000	9.07821e+07	1300.000000	9.10375e+07	1300.000000	9.08175e+07	1300.000000	331908    	1300.000000	188868    	1300.000000	612728    	1300.000000	606032    	1300.000000	775683    	
1320.000000	1.24054e+08	1320.000000	9.29617e+07	1320.000000	9.26315e+07	1320.000000	9.28926e+07	1320.000000	9.26676e+07	1320.000000	336868    	1320.000000	192525    	1320.000000	623314    	1320.000000	617261    	1320.000000	790587    	
1340.000000	1.26575e+08	1340.000000	9.48279e+07	1340.000000	9.44845e+07	1340.000000	9.47513e+07	1340.000000	9.45214e+07	1340.000000	341797    	1340.000000	196190    	1340.000000	633869    	1340.000000	628478    	1340.000000	805485    	
1360.000000	1.291e+08 	1360.000000	9.66974e+07	1360.000000	9.63409e+07	1360.000000	9.66135e+07	1360.000000	9.63786e+07	1360.000000	346694    	1360.000000	199861    	1360.000000	644393    	1360.000000	639682    	1360.000000	820374    	
1380.000000	1.3163e+08	1380.000000	9.857e+07 	1380.000000	9.82007e+07	1380.000000	9.8479e+07	1380.000000	9.82391e+07	1380.000000	351560    	1380.000000	203541    	1380.000000	654884    	1380.000000	650873    	1380.000000	835255    	
1400.000000	1.34163e+08	1400.000000	1.00446e+08	1400.000000	1.00064e+08	1400.000000	1.00348e+08	1400.000000	1.00103e+08	1400.000000	356395    	1400.000000	207227    	1400.000000	665344    	1400.000000	662049    	1400.000000	850125    	
1420.000000	1.367e+08 	1420.000000	1.02324e+08	1420.000000	1.01929e+08	1420.000000	1.02219e+08	1420.000000	1.01969e+08	1420.000000	361199    	1420.000000	210920    	1420.000000	675771    	1420.000000	673209    	1420.000000	864984    	
1440.000000	1.39239e+08	1440.000000	1.04205e+08	1440.000000	1.03798e+08	1440.000000	1.04094e+08	1440.000000	1.03839e+08	1440.000000	365972    	1440.000000	214619    	1440.000000	686165    	1440.000000	684354    	1440.000000	879830    	
1460.000000	1.41782e+08	1460.000000	1.06089e+08	1460.000000	1.0567e+08	1460.000000	1.05971e+08	1460.000000	1.05711e+08	1460.000000	370716    	1460.000000	218326    	1460.000000	696526    	1460.000000	695483    	1460.000000	894663    	
1480.000000	1.44328e+08	1480.000000	1.07974e+08	1480.000000	1.07544e+08	1480.000000	1.07851e+08	1480.000000	1.07586e+08	1480.000000	375429    	1480.000000	222040    	1480.000000	706854    	1480.000000	706594    	1480.000000	909481    	
1500.000000	1.46876e+08	1500.000000	1.09862e+08	1500.000000	1.09421e+08	1500.000000	1.09733e+08	1500.000000	1.09463e+08	1500.000000	380112    	1500.000000	225760    	1500.000000	717148    	1500.000000	717688    	1500.000000	924284    	
1520.000000	1.49426e+08	1520.000000	1.11753e+08	1520.000000	1.113e+08 	1520.000000	1.11618e+08	1520.000000	1.11343e+08	1520.000000	384765    	1520.000000	229487    	1520.000000	727408    	1520.000000	728764    	1520.000000	939070    	
1540.000000	1.51978e+08	1540.000000	1.13645e+08	1540.000000	1.13181e+08	1540.000000	1.13505e+08	1540.000000	1.13225e+08	1540.000000	389390    	1540.000000	233220    	1540.000000	737635    	1540.000000	739821    	1540.000000	953840    	
1560.000000	1.54533e+08	1560.000000	1.15538e+08	1560.000000	1.15065e+08	1560.000000	1.15394e+08	1560.000000	1.15109e+08	1560.000000	393985    	1560.000000	236960    	1560.000000	747828    	1560.000000	750858    	1560.000000	968591    	
1580.000000	1.57088e+08	1580.000000	1.17434e+08	1580.000000	1.1695e+08	1580.000000	1.17285e+08	1580.000000	1.16995e+08	1580.000000	398552    	1580.000000	240706    	1580.000000	757987    	1580.000000	761876    	1580.000000	983324    	
1600.000000	1.59646e+08	1600.000000	1.19331e+08	1600.000000	1.18838e+08	1600.000000	1.19179e+08	1600.000000	1.18884e+08	1600.000000	403090    	1600.000000	244457    	1600.000000	768112    	1600.000000	772874    	1600.000000	998038    	
1620.000000	1.62205e+08	1620.000000	1.21229e+08	1620.000000	1.20727e+08	1620.000000	1.21074e+08	1620.000000	1.20774e+08	1620.000000	407599    	1620.000000	248215    	1620.000000	778202    	1620.000000	783852    	1620.000000	1.01273e+06	
1640.000000	1.64764e+08	1640.000000	1.23129e+08	1640.000000	1.22618e+08	1640.000000	1.22971e+08	1640.000000	1.22666e+08	1640.000000	412081    	1640.000000	251977    	1640.000000	788259    	1640.000000	794809    	1640.000000	1.0274e+06	
1660.000000	1.67325e+08	1660.000000	1.2503e+08	1660.000000	1.24511e+08	1660.000000	1.24869e+08	1660.000000	1.24559e+08	1660.000000	416535    	1660.000000	255745    	1660.000000	798281    	1660.000000	805744    	1660.000000	1.04206e+06	
1680.000000	1.69887e+08	1680.000000	1.26932e+08	1680.000000	1.26406e+08	1680.000000	1.2677e+08	1680.000000	1.26454e+08	1680.000000	420961    	1680.000000	259518    	1680.000000	808269    	1680.000000	816659    	1680.000000	1.05669e+06	
1700.000000	1.72449e+08	1700.000000	1.28835e+08	1700.000000	1.28302e+08	1700.000000	1.28672e+08	1700.000000	1.28351e+08	1700.000000	425361    	1700.000000	263297    	1700.000000	818223    	1700.000000	827551    	1700.000000	1.07129e+06	
1750.000000	1.78856e+08	1750.000000	1.33597e+08	1750.000000	1.33048e+08	1750.000000	1.33432e+08	1750.000000	1.33099e+08	1750.000000	436242    	1750.000000	272764    	1750.000000	842958    	1750.000000	854684    	1750.000000	1.10771e+06	
1800.000000	1.85263e+08	1800.000000	1.38362e+08	1800.000000	1.37802e+08	1800.000000	1.38201e+08	1800.000000	1.37855e+08	1800.000000	446959    	1800.000000	282263    	1800.000000	867479    	1800.000000	881676    	1800.000000	1.14398e+06	
1850.000000	1.91669e+08	1850.000000	1.4313e+08	1850.000000	1.42564e+08	1850.000000	1.42977e+08	1850.000000	1.42618e+08	1850.000000	457516    	1850.000000	291794    	1850.000000	891788    	1850.000000	908522    	1850.000000	1.18009e+06	
1900.000000	1.98071e+08	1900.000000	1.479e+08 	1900.000000	1.47331e+08	1900.000000	1.47758e+08	1900.000000	1.47387e+08	1900.000000	467918    	1900.000000	301358    	1900.000000	915886    	1900.000000	935219    	1900.000000	1.21604e+06	
1950.000000	2.04467e+08	1950.000000	1.52671e+08	1950.000000	1.52103e+08	1950.000000	1.52545e+08	1950.000000	1.52161e+08	1950.000000	478167    	1950.000000	310956    	1950.000000	939775    	1950.000000	961766    	1950.000000	1.25182e+06	
2000.000000	2.10856e+08	2000.000000	1.5744e+08	2000.000000	1.5688e+08	2000.000000	1.57337e+08	2000.000000	1.5694e+08	2000.000000	488269    	2000.000000	320588    	2000.000000	963456    	2000.000000	988161    	2000.000000	1.28743e+06	
2100.000000	2.23606e+08	2100.000000	1.66973e+08	2100.000000	1.66444e+08	2100.000000	1.66929e+08	2100.000000	1.66507e+08	2100.000000	508045    	2100.000000	339949    	2100.000000	1.0102e+06	2100.000000	1.04049e+06	2100.000000	1.35813e+06	
2200.000000	2.36308e+08	2200.000000	1.76492e+08	2200.000000	1.76017e+08	2200.000000	1.76531e+08	2200.000000	1.76084e+08	2200.000000	527274    	2200.000000	359439    	2200.000000	1.05615e+06	2200.000000	1.09219e+06	2200.000000	1.4281e+06	
2300.000000	2.48953e+08	2300.000000	1.85992e+08	2300.000000	1.85596e+08	2300.000000	1.86138e+08	2300.000000	1.85665e+08	2300.000000	545985    	2300.000000	379052    	2300.000000	1.1013e+06	2300.000000	1.14326e+06	2300.000000	1.49735e+06	
2400.000000	2.61533e+08	2400.000000	1.95466e+08	2400.000000	1.95176e+08	2400.000000	1.95747e+08	2400.000000	1.95249e+08	2400.000000	564205    	2400.000000	398781    	2400.000000	1.1457e+06	2400.000000	1.19371e+06	2400.000000	1.56586e+06	
2500.000000	2.7404e+08	2500.000000	2.04911e+08	2500.000000	2.04755e+08	2500.000000	2.05354e+08	2500.000000	2.0483e+08	2500.000000	581959    	2500.000000	418622    	2500.000000	1.18935e+06	2500.000000	1.24354e+06	2500.000000	1.63362e+06	
2600.000000	2.86468e+08	2600.000000	2.14322e+08	2600.000000	2.14329e+08	2600.000000	2.14957e+08	2600.000000	2.14408e+08	2600.000000	599269    	2600.000000	438572    	2600.000000	1.23228e+06	2600.000000	1.29274e+06	2600.000000	1.70064e+06	
2700.000000	2.98811e+08	2700.000000	2.23697e+08	2700.000000	2.23897e+08	2700.000000	2.24553e+08	2700.000000	2.23979e+08	2700.000000	616159    	2700.000000	458626    	2700.000000	1.27451e+06	2700.000000	1.34134e+06	2700.000000	1.76692e+06	
2800.000000	3.11065e+08	2800.000000	2.33032e+08	2800.000000	2.33456e+08	2800.000000	2.34141e+08	2800.000000	2.33542e+08	2800.000000	632648    	2800.000000	478783    	2800.000000	1.31606e+06	2800.000000	1.38933e+06	2800.000000	1.83246e+06	
2900.000000	3.23227e+08	2900.000000	2.42325e+08	2900.000000	2.43006e+08	2900.000000	2.43719e+08	2900.000000	2.43096e+08	2900.000000	648757    	2900.000000	499043    	2900.000000	1.35696e+06	2900.000000	1.43673e+06	2900.000000	1.89728e+06	
3000.000000	3.35293e+08	3000.000000	2.51574e+08	3000.000000	2.52545e+08	3000.000000	2.53286e+08	3000.000000	2.52638e+08	3000.000000	664502    	3000.000000	519404    	3000.000000	1.39722e+06	3000.000000	1.48355e+06	3000.000000	1.96137e+06	
3200.000000	3.59126e+08	3200.000000	2.69932e+08	3200.000000	2.71585e+08	3200.000000	2.72383e+08	3200.000000	2.71685e+08	3200.000000	694971    	3200.000000	560429    	3200.000000	1.47591e+06	3200.000000	1.57547e+06	3200.000000	2.08744e+06	
3400.000000	3.82549e+08	3400.000000	2.88096e+08	3400.000000	2.9057e+08	3400.000000	2.91423e+08	3400.000000	2.90676e+08	3400.000000	724179    	3400.000000	601852    	3400.000000	1.55228e+06	3400.000000	1.66519e+06	3400.000000	2.21076e+06	
3600.000000	4.05551e+08	3600.000000	3.06057e+08	3600.000000	3.09494e+08	3600.000000	3.10402e+08	3600.000000	3.09607e+08	3600.000000	752234    	3600.000000	643671    	3600.000000	1.62649e+06	3600.000000	1.75279e+06	3600.000000	2.33141e+06	
3800.000000	4.28128e+08	3800.000000	3.23811e+08	3800.000000	3.28355e+08	3800.000000	3.29317e+08	3800.000000	3.28474e+08	3800.000000	779231    	3800.000000	685881    	3800.000000	1.69865e+06	3800.000000	1.83836e+06	3800.000000	2.4495e+06	
4000.000000	4.50277e+08	4000.000000	3.41354e+08	4000.000000	3.4715e+08	4000.000000	3.48166e+08	4000.000000	3.47275e+08	4000.000000	805256    	4000.000000	728478    	4000.000000	1.7689e+06	4000.000000	1.92201e+06	4000.000000	2.56512e+06	
4200.000000	4.71998e+08	4200.000000	3.58684e+08	4200.000000	3.65877e+08	4200.000000	3.66947e+08	4200.000000	3.66009e+08	4200.000000	830385    	4200.000000	771458    	4200.000000	1.83734e+06	4200.000000	2.0038e+06	4200.000000	2.67838e+06	
4400.000000	4.93295e+08	4400.000000	3.75801e+08	4400.000000	3.84538e+08	4400.000000	3.8566e+08	4400.000000	3.84675e+08	4400.000000	854683    	4400.000000	814815    	4400.000000	1.90408e+06	4400.000000	2.08382e+06	4400.000000	2.78937e+06	
4600.000000	5.14172e+08	4600.000000	3.92706e+08	4600.000000	4.0313e+08	4600.000000	4.04304e+08	4600.000000	4.03273e+08	4600.000000	878211    	4600.000000	858544    	4600.000000	1.96921e+06	4600.000000	2.16214e+06	4600.000000	2.89818e+06	
4800.000000	5.34634e+08	4800.000000	4.09401e+08	4800.000000	4.21655e+08	4800.000000	4.22881e+08	4800.000000	4.21804e+08	4800.000000	901023    	4800.000000	902638    	4800.000000	2.03282e+06	4800.000000	2.23885e+06	4800.000000	3.00489e+06	
5000.000000	5.54689e+08	5000.000000	4.25886e+08	5000.000000	4.40113e+08	5000.000000	4.4139e+08	5000.000000	4.40267e+08	5000.000000	923167    	5000.000000	947094    	5000.000000	2.09499e+06	5000.000000	2.31402e+06	5000.000000	3.1096e+06	
5250.000000	5.79196e+08	5250.000000	4.46203e+08	5250.000000	4.63092e+08	5250.000000	4.64433e+08	5250.000000	4.63254e+08	5250.000000	949974    	5250.000000	1.00316e+06	5250.000000	2.17079e+06	5250.000000	2.40589e+06	5250.000000	3.23778e+06	
5500.000000	6.03094e+08	5500.000000	4.66202e+08	5500.000000	4.8597e+08	5500.000000	4.87373e+08	5500.000000	4.86138e+08	5500.000000	975882    	5500.000000	1.05977e+06	5500.000000	2.24459e+06	5500.000000	2.49558e+06	5500.000000	3.36311e+06	
6000.000000	6.49128e+08	6000.000000	5.05273e+08	6000.000000	5.31429e+08	6000.000000	5.32956e+08	6000.000000	5.31611e+08	6000.000000	1.02526e+06	6000.000000	1.1746e+06	6000.000000	2.38669e+06	6000.000000	2.66881e+06	6000.000000	3.60573e+06	
6500.000000	6.92925e+08	6500.000000	5.43153e+08	6500.000000	5.76508e+08	6500.000000	5.78156e+08	6500.000000	5.76704e+08	6500.000000	1.07177e+06	6500.000000	1.2915e+06	6500.000000	2.52212e+06	6500.000000	2.83454e+06	6500.000000	3.83847e+06	
7000.000000	7.34621e+08	7000.000000	5.79896e+08	7000.000000	6.21227e+08	7000.000000	6.22993e+08	7000.000000	6.21436e+08	7000.000000	1.11578e+06	7000.000000	1.41041e+06	7000.000000	2.6516e+06	7000.000000	2.99345e+06	7000.000000	4.06222e+06	
7500.000000	7.74349e+08	7500.000000	6.15558e+08	7500.000000	6.65603e+08	7500.000000	6.67486e+08	7500.000000	6.65825e+08	7500.000000	1.15758e+06	7500.000000	1.53124e+06	7500.000000	2.77574e+06	7500.000000	3.14618e+06	7500.000000	4.27776e+06	
8000.000000	8.12234e+08	8000.000000	6.50193e+08	8000.000000	7.09654e+08	8000.000000	7.11653e+08	8000.000000	7.0989e+08	8000.000000	1.19743e+06	8000.000000	1.65391e+06	8000.000000	2.89506e+06	8000.000000	3.29324e+06	8000.000000	4.48577e+06	
8500.000000	8.48394e+08	8500.000000	6.83853e+08	8500.000000	7.53398e+08	8500.000000	7.5551e+08	8500.000000	7.53647e+08	8500.000000	1.23554e+06	8500.000000	1.77845e+06	8500.000000	3.00998e+06	8500.000000	3.43512e+06	8500.000000	4.68685e+06	
9000.000000	8.82938e+08	9000.000000	7.16588e+08	9000.000000	7.96851e+08	9000.000000	7.99074e+08	9000.000000	7.97113e+08	9000.000000	1.27208e+06	9000.000000	1.9048e+06	9000.000000	3.12089e+06	9000.000000	3.57222e+06	9000.000000	4.88155e+06	
9500.000000	9.15971e+08	9500.000000	7.48443e+08	9500.000000	8.40028e+08	9500.000000	8.4236e+08	9500.000000	8.40302e+08	9500.000000	1.30721e+06	9500.000000	2.03291e+06	9500.000000	3.22813e+06	9500.000000	3.7049e+06	9500.000000	5.07032e+06	
10000.000000	9.47586e+08	10000.000000	7.79463e+08	10000.000000	8.82943e+08	10000.000000	8.85381e+08	10000.000000	8.83227e+08	10000.000000	1.34104e+06	10000.000000	2.16275e+06	10000.000000	3.33199e+06	10000.000000	3.8335e+06	10000.000000	5.2536e+06	
11000.000000	1.00691e+09	11000.000000	8.39161e+08	11000.000000	9.68031e+08	11000.000000	9.70679e+08	11000.000000	9.6834e+08	11000.000000	1.40528e+06	11000.000000	2.42746e+06	11000.000000	3.53054e+06	11000.000000	4.07955e+06	11000.000000	5.60513e+06	
12000.000000	1.06154e+09	12000.000000	8.9598e+08	12000.000000	1.05221e+09	12000.000000	1.05506e+09	12000.000000	1.05254e+09	12000.000000	1.46554e+06	12000.000000	2.69848e+06	12000.000000	3.71828e+06	12000.000000	4.31235e+06	12000.000000	5.93873e+06	
13000.000000	1.11201e+09	13000.000000	9.50183e+08	13000.000000	1.13555e+09	13000.000000	1.1386e+09	13000.000000	1.13591e+09	13000.000000	1.52238e+06	13000.000000	2.9755e+06	13000.000000	3.89659e+06	13000.000000	4.53348e+06	13000.000000	6.25652e+06	
14000.000000	1.15877e+09	14000.000000	1.002e+09 	14000.000000	1.21813e+09	14000.000000	1.22138e+09	14000.000000	1.21851e+09	14000.000000	1.57625e+06	14000.000000	3.25837e+06	14000.000000	4.06658e+06	14000.000000	4.74428e+06	14000.000000	6.56023e+06	
15000.000000	1.20223e+09	15000.000000	1.05163e+09	15000.000000	1.30001e+09	15000.000000	1.30344e+09	15000.000000	1.3004e+09	15000.000000	1.62753e+06	15000.000000	3.547e+06 	15000.000000	4.22918e+06	15000.000000	4.94585e+06	15000.000000	6.85135e+06	
16000.000000	1.24273e+09	16000.000000	1.09926e+09	16000.000000	1.38123e+09	16000.000000	1.38484e+09	16000.000000	1.38165e+09	16000.000000	1.67651e+06	16000.000000	3.84119e+06	16000.000000	4.38515e+06	16000.000000	5.1391e+06	16000.000000	7.1311e+06	
17000.000000	1.28056e+09	17000.000000	1.14504e+09	17000.000000	1.46184e+09	17000.000000	1.46563e+09	17000.000000	1.46228e+09	17000.000000	1.72344e+06	17000.000000	4.14068e+06	17000.000000	4.53514e+06	17000.000000	5.32483e+06	17000.000000	7.40054e+06	
18000.000000	1.31597e+09	18000.000000	1.18911e+09	18000.000000	1.54188e+09	18000.000000	1.54585e+09	18000.000000	1.54234e+09	18000.000000	1.76853e+06	18000.000000	4.44521e+06	18000.000000	4.67971e+06	18000.000000	5.50372e+06	18000.000000	7.66058e+06	
19000.000000	1.34919e+09	19000.000000	1.2316e+09	19000.000000	1.62139e+09	19000.000000	1.62552e+09	19000.000000	1.62187e+09	19000.000000	1.81195e+06	19000.000000	4.75454e+06	19000.000000	4.81934e+06	19000.000000	5.67636e+06	19000.000000	7.91201e+06	
20000.000000	1.38043e+09	20000.000000	1.27262e+09	20000.000000	1.7004e+09	20000.000000	1.7047e+09	20000.000000	1.70089e+09	20000.000000	1.85385e+06	20000.000000	5.06848e+06	20000.000000	4.95443e+06	20000.000000	5.84325e+06	20000.000000	8.15553e+06	
21000.000000	1.40985e+09	21000.000000	1.31227e+09	21000.000000	1.77893e+09	21000.000000	1.78339e+09	21000.000000	1.77945e+09	21000.000000	1.89438e+06	21000.000000	5.38686e+06	21000.000000	5.08534e+06	21000.000000	6.00483e+06	21000.000000	8.39172e+06	
22000.000000	1.43761e+09	22000.000000	1.35064e+09	22000.000000	1.85702e+09	22000.000000	1.86164e+09	22000.000000	1.85756e+09	22000.000000	1.93363e+06	22000.000000	5.70966e+06	22000.000000	5.21239e+06	22000.000000	6.16153e+06	22000.000000	8.62114e+06	
23000.000000	1.46385e+09	23000.000000	1.38781e+09	23000.000000	1.93468e+09	23000.000000	1.93946e+09	23000.000000	1.93524e+09	23000.000000	1.97171e+06	23000.000000	6.03682e+06	23000.000000	5.33586e+06	23000.000000	6.31366e+06	23000.000000	8.84426e+06	
24000.000000	1.48868e+09	24000.000000	1.42386e+09	24000.000000	2.01195e+09	24000.000000	2.01688e+09	24000.000000	2.01253e+09	24000.000000	2.0087e+06	24000.000000	6.3682e+06	24000.000000	5.456e+06 	24000.000000	6.46156e+06	24000.000000	9.06149e+06	
25000.000000	1.51222e+09	25000.000000	1.45885e+09	25000.000000	2.08883e+09	25000.000000	2.09391e+09	25000.000000	2.08943e+09	25000.000000	2.04469e+06	25000.000000	6.70362e+06	25000.000000	5.57302e+06	25000.000000	6.6055e+06	25000.000000	9.27323e+06	
26000.000000	1.53457e+09	26000.000000	1.49285e+09	26000.000000	2.16535e+09	26000.000000	2.17057e+09	26000.000000	2.16597e+09	26000.000000	2.07975e+06	26000.000000	7.04294e+06	26000.000000	5.68713e+06	26000.000000	6.74573e+06	26000.000000	9.47981e+06	
27000.000000	1.55581e+09	27000.000000	1.52591e+09	27000.000000	2.24152e+09	27000.000000	2.24688e+09	27000.000000	2.24216e+09	27000.000000	2.11393e+06	27000.000000	7.3861e+06	27000.000000	5.79851e+06	27000.000000	6.88248e+06	27000.000000	9.68154e+06	
28000.000000	1.57602e+09	28000.000000	1.55809e+09	28000.000000	2.31736e+09	28000.000000	2.32286e+09	28000.000000	2.31802e+09	28000.000000	2.14729e+06	28000.000000	7.73305e+06	28000.000000	5.90731e+06	28000.000000	7.01595e+06	28000.000000	9.87871e+06	
29000.000000	1.59528e+09	29000.000000	1.58942e+09	29000.000000	2.39289e+09	29000.000000	2.39851e+09	29000.000000	2.39356e+09	29000.000000	2.17988e+06	29000.000000	8.08375e+06	29000.000000	6.01369e+06	29000.000000	7.14634e+06	29000.000000	1.00716e+07	
30000.000000	1.61365e+09	30000.000000	1.61997e+09	30000.000000	2.46811e+09	30000.000000	2.47386e+09	30000.000000	2.4688e+09	30000.000000	2.21175e+06	30000.000000	8.43817e+06	30000.000000	6.11778e+06	30000.000000	7.27381e+06	30000.000000	1.02603e+07	
32000.000000	1.64796e+09	32000.000000	1.67882e+09	32000.000000	2.61768e+09	32000.000000	2.62367e+09	32000.000000	2.61841e+09	32000.000000	2.27348e+06	32000.000000	9.15784e+06	32000.000000	6.31955e+06	32000.000000	7.5206e+06	32000.000000	1.06265e+07	
34000.000000	1.67936e+09	34000.000000	1.73495e+09	34000.000000	2.76617e+09	34000.000000	2.77239e+09	34000.000000	2.76693e+09	34000.000000	2.33277e+06	34000.000000	9.8913e+06	34000.000000	6.51349e+06	34000.000000	7.75743e+06	34000.000000	1.09787e+07	
36000.000000	1.70821e+09	36000.000000	1.78859e+09	36000.000000	2.91365e+09	36000.000000	2.92008e+09	36000.000000	2.91445e+09	36000.000000	2.38986e+06	36000.000000	1.06378e+07	36000.000000	6.70035e+06	36000.000000	7.98524e+06	36000.000000	1.13183e+07	
38000.000000	1.7348e+09	38000.000000	1.83997e+09	38000.000000	3.06019e+09	38000.000000	3.06683e+09	38000.000000	3.06103e+09	38000.000000	2.44495e+06	38000.000000	1.13967e+07	38000.000000	6.88073e+06	38000.000000	8.20483e+06	38000.000000	1.16463e+07	
40000.000000	1.75938e+09	40000.000000	1.88926e+09	40000.000000	3.20586e+09	40000.000000	3.21268e+09	40000.000000	3.20673e+09	40000.000000	2.49823e+06	40000.000000	1.21676e+07	40000.000000	7.05519e+06	40000.000000	8.4169e+06	40000.000000	1.19636e+07	
42000.000000	1.78216e+09	42000.000000	1.93665e+09	42000.000000	3.3507e+09	42000.000000	3.35768e+09	42000.000000	3.3516e+09	42000.000000	2.54985e+06	42000.000000	1.29499e+07	42000.000000	7.2242e+06	42000.000000	8.62205e+06	42000.000000	1.22713e+07	
44000.000000	1.80334e+09	44000.000000	1.98227e+09	44000.000000	3.49476e+09	44000.000000	3.5019e+09	44000.000000	3.4957e+09	44000.000000	2.59993e+06	44000.000000	1.37432e+07	44000.000000	7.38817e+06	44000.000000	8.82081e+06	44000.000000	1.25698e+07	
46000.000000	1.82306e+09	46000.000000	2.02626e+09	46000.000000	3.63809e+09	46000.000000	3.64536e+09	46000.000000	3.63906e+09	46000.000000	2.64861e+06	46000.000000	1.45472e+07	46000.000000	7.54746e+06	46000.000000	9.01366e+06	46000.000000	1.286e+07 	
48000.000000	1.84148e+09	48000.000000	2.06872e+09	48000.000000	3.78071e+09	48000.000000	3.78811e+09	48000.000000	3.78173e+09	48000.000000	2.69598e+06	48000.000000	1.53616e+07	48000.000000	7.70241e+06	48000.000000	9.201e+06 	48000.000000	1.31425e+07	
50000.000000	1.85871e+09	50000.000000	2.10977e+09	50000.000000	3.92268e+09	50000.000000	3.93019e+09	50000.000000	3.92374e+09	50000.000000	2.74213e+06	50000.000000	1.61859e+07	50000.000000	7.8533e+06	50000.000000	9.38321e+06	50000.000000	1.34176e+07	
