! 9Li range in H180C10F40
! apply ZOOM for details
Energy (MeV/u)1	0 - [He-base] F.Hubert et al, AD&ND Tables 46(1990)1	Energy (MeV/u)2	1 - [H -base] J.F.Ziegler et al,Pergamon Press,NY(low energy)	Energy (MeV/u)3	2 - ATIMA 1.2 LS-theory (recommended for high energy)	Energy (MeV/u)4	3 - ATIMA 1.2 without LS-correction	Energy (MeV/u)5	4 - ATIMA 1.4 H.Weick, improved mean charge formula for HI	Energy (MeV/u)6	5 - Range straggling - method [0] - LISE	Energy (MeV/u)7	6 - Range straggling - method [1] - Atima	Energy (MeV/u)8	7 - Lateral range - method [0] - LISE	Energy (MeV/u)9	8 - Lateral range - method [1] - Atima	Energy (MeV/u)10	9 - Lateral range - method [2] - PDG	
0.001000	431.649   	0.001000	431.649   	0.001000	335.85    	0.001000	335.85    	0.001000	335.924   	0.001000	0         	0.001000	0         	0.001000	8.14127   	0.001000	16.1721   	0.001000	8.70959   	
0.002000	863.298   	0.002000	863.298   	0.002000	671.7     	0.002000	671.7     	0.002000	671.848   	0.002000	37.0337   	0.002000	37.0337   	0.002000	23.8431   	0.002000	45.7688   	0.002000	26.5937   	
0.005000	1982.79   	0.005000	1982.79   	0.005000	1517.75   	0.005000	1517.75   	0.005000	1517.97   	0.005000	44.4359   	0.005000	44.4359   	0.005000	85.8274   	0.005000	159.039   	0.005000	99.4494   	
0.008000	2887.99   	0.008000	2887.99   	0.008000	2203.78   	0.008000	2203.78   	0.008000	2204.03   	0.008000	44.6764   	0.008000	44.6764   	0.008000	152.888   	0.008000	279.329   	0.008000	179.701   	
0.010000	3412.63   	0.010000	3412.63   	0.010000	2605.48   	0.010000	2605.48   	0.010000	2605.74   	0.010000	45.4372   	0.010000	45.4372   	0.010000	197.555   	0.010000	358.759   	0.010000	233.6     	
0.015000	4541.94   	0.015000	4541.94   	0.015000	3488.11   	0.015000	3488.11   	0.015000	3488.37   	0.015000	48.8185   	0.015000	48.8185   	0.015000	300.326   	0.015000	535.315   	0.015000	365.769   	
0.020000	5491.73   	0.020000	5491.73   	0.020000	4264.47   	0.020000	4264.47   	0.020000	4264.74   	0.020000	52.7298   	0.020000	52.7298   	0.020000	388.247   	0.020000	671.81    	0.020000	480.141   	
0.025000	6303.36   	0.025000	6303.36   	0.025000	4963.6    	0.025000	4963.6    	0.025000	4963.88   	0.025000	56.1707   	0.025000	56.1707   	0.025000	465.627   	0.025000	782.547   	0.025000	554.692   	
0.030000	7013.34   	0.030000	7013.34   	0.030000	5601.29   	0.030000	5601.29   	0.030000	5601.57   	0.030000	59.0435   	0.030000	59.0435   	0.030000	533.454   	0.030000	875.216   	0.030000	608.652   	
0.035000	7653.03   	0.035000	7653.03   	0.035000	6189.83   	0.035000	6189.83   	0.035000	6190.12   	0.035000	61.5064   	0.035000	61.5064   	0.035000	586.147   	0.035000	946.555   	0.035000	650.211   	
0.040000	8241.5    	0.040000	8241.5    	0.040000	6738.62   	0.040000	6738.62   	0.040000	6738.91   	0.040000	63.672    	0.040000	63.672    	0.040000	627.519   	0.040000	1002.71   	0.040000	683.74    	
0.045000	8790.23   	0.045000	8790.23   	0.045000	7254.66   	0.045000	7254.66   	0.045000	7254.94   	0.045000	65.6071   	0.045000	65.6071   	0.045000	661.673   	0.045000	1049.28   	0.045000	712.395   	
0.050000	9306.75   	0.050000	9306.75   	0.050000	7743.32   	0.050000	7743.32   	0.050000	7743.6    	0.050000	67.3561   	0.050000	67.2883   	0.050000	690.645   	0.050000	1088.91   	0.050000	736.759   	
0.055000	9796.12   	0.055000	9796.12   	0.055000	8208.86   	0.055000	8208.86   	0.055000	8209.14   	0.055000	68.948    	0.055000	68.7657   	0.055000	715.921   	0.055000	1123.58   	0.055000	758.341   	
0.060000	10262.1   	0.060000	10262.1   	0.060000	8654.68   	0.060000	8654.68   	0.060000	8654.97   	0.060000	70.4056   	0.060000	70.1061   	0.060000	738.175   	0.060000	1154.17   	0.060000	777.585   	
0.070000	11136.6   	0.070000	11136.6   	0.070000	9497.81   	0.070000	9497.81   	0.070000	9498.1    	0.070000	72.9986   	0.070000	72.4711   	0.070000	775.77    	0.070000	1205.95   	0.070000	810.6     	
0.080000	11950.2   	0.080000	11950.2   	0.080000	10289.8   	0.080000	10289.8   	0.080000	10290.1   	0.080000	75.2643   	0.080000	74.5268   	0.080000	806.92    	0.080000	1248.84   	0.080000	838.507   	
0.090000	12717.2   	0.090000	12717.2   	0.090000	11042.7   	0.090000	11042.7   	0.090000	11043     	0.090000	77.2932   	0.090000	76.3645   	0.090000	834.117   	0.090000	1285.96   	0.090000	863.018   	
0.100000	13448.1   	0.100000	13448.1   	0.100000	11765.6   	0.100000	11765.6   	0.100000	11765.9   	0.100000	79.1501   	0.100000	78.0304   	0.100000	857.514   	0.100000	1317.93   	0.100000	884.705   	
0.120000	14824     	0.120000	14824     	0.120000	13146.3   	0.120000	13146.3   	0.120000	13146.6   	0.120000	82.4667   	0.120000	80.9636   	0.120000	897.987   	0.120000	1372.34   	0.120000	922.452   	
0.140000	16117.3   	0.140000	16117.3   	0.140000	14469.8   	0.140000	14469.8   	0.140000	14470.1   	0.140000	85.427    	0.140000	83.5431   	0.140000	932.328   	0.140000	1417.51   	0.140000	955.401   	
0.160000	17357.6   	0.160000	17357.6   	0.160000	15760     	0.160000	15760     	0.160000	15760.3   	0.160000	88.1904   	0.160000	85.9235   	0.160000	962.859   	0.160000	1456.76   	0.160000	985.466   	
0.180000	18566.9   	0.180000	18566.9   	0.180000	17032.6   	0.180000	17032.6   	0.180000	17032.9   	0.180000	90.8679   	0.180000	88.2084   	0.180000	990.722   	0.180000	1491.69   	0.180000	1013.16   	
0.200000	19758.2   	0.200000	19758.2   	0.200000	18298.7   	0.200000	18298.7   	0.200000	18299     	0.200000	93.5205   	0.200000	90.4542   	0.200000	1017.02   	0.200000	1523.89   	0.200000	1039.97   	
0.250000	22715.3   	0.250000	22715.3   	0.250000	21481.1   	0.250000	21481.1   	0.250000	21481.4   	0.250000	100.303   	0.250000	96.1303   	0.250000	1077.52   	0.250000	1595.28   	0.250000	1103.16   	
0.300000	25663.9   	0.300000	25663.9   	0.300000	24733.4   	0.300000	24733.4   	0.300000	24733.7   	0.300000	107.288   	0.300000	101.897   	0.300000	1133.78   	0.300000	1658.37   	0.300000	1164.08   	
0.350000	28644.9   	0.350000	28644.9   	0.350000	28072.6   	0.350000	28072.6   	0.350000	28072.9   	0.350000	114.64    	0.350000	107.906   	0.350000	1187.55   	0.350000	1716.41   	0.350000	1223.17   	
0.400000	31693.3   	0.400000	31693.3   	0.400000	31525     	0.400000	31525     	0.400000	31525.3   	0.400000	122.529   	0.400000	114.298   	0.400000	1240.18   	0.400000	1772.04   	0.400000	1281.98   	
0.450000	34835.2   	0.450000	34835.2   	0.450000	35109.9   	0.450000	35109.9   	0.450000	35110.2   	0.450000	131.1     	0.450000	121.183   	0.450000	1292.61   	0.450000	1827.57   	0.450000	1341.6    	
0.500000	38084.5   	0.500000	38084.5   	0.500000	38836.3   	0.500000	38836.3   	0.500000	38836.5   	0.500000	140.417   	0.500000	128.612   	0.500000	1345.34   	0.500000	1883.52   	0.500000	1401.91   	
0.600000	44911.4   	0.600000	44911.4   	0.600000	46719.7   	0.600000	46719.7   	0.600000	46720     	0.600000	161.21    	0.600000	145.188   	0.600000	1437.7    	0.600000	1997.68   	0.600000	1524.41   	
0.700000	52242.2   	0.700000	52242.2   	0.700000	55173.1   	0.700000	55173.1   	0.700000	55173.4   	0.700000	185.295   	0.700000	165.129   	0.700000	1529.62   	0.700000	2115.55   	0.700000	1634.6    	
0.800000	60052.4   	0.800000	60052.4   	0.800000	64183.3   	0.800000	64183.3   	0.800000	64183.6   	0.800000	212.213   	0.800000	187.827   	0.800000	1624.53   	0.800000	2237.28   	0.800000	1747.89   	
0.900000	68299.3   	0.900000	68299.3   	0.900000	73735.9   	0.900000	73735.9   	0.900000	73736.2   	0.900000	241.433   	0.900000	212.543   	0.900000	1721.63   	0.900000	2361.9    	0.900000	1805.65   	
1.000000	77041.1   	1.000000	77041.1   	1.000000	83830.2   	1.000000	83830.2   	1.000000	83830.4   	1.000000	273.475   	1.000000	239.521   	1.000000	1821.61   	1.000000	2490.22   	1.000000	1853.6    	
1.250000	101207    	1.250000	101207    	1.250000	111419    	1.250000	111419    	1.250000	111420    	1.250000	366.946   	1.250000	316.928   	1.250000	2080.62   	1.250000	2828.87   	1.250000	1995.8    	
1.500000	129294    	1.500000	129294    	1.500000	142225    	1.500000	142225    	1.500000	142225    	1.500000	485.838   	1.500000	412.735   	1.500000	2296.99   	1.500000	3160.9    	1.500000	2176.96   	
1.750000	161579    	1.750000	161579    	1.750000	176169    	1.750000	176169    	1.750000	176169    	1.750000	631.713   	1.750000	527.271   	1.750000	2518.24   	1.750000	3421.13   	1.750000	2399.49   	
2.000000	197728    	2.000000	197728    	2.000000	213226    	2.000000	213226    	2.000000	213226    	2.000000	799.531   	2.000000	655.901   	2.000000	2777.29   	2.000000	3727.77   	2.000000	2659.11   	
2.250000	237516    	2.250000	237516    	2.250000	253399    	2.250000	253399    	2.250000	253399    	2.250000	986.516   	2.250000	796.082   	2.250000	3070.65   	2.250000	4075.34   	2.250000	2952.66   	
2.500000	280850    	2.500000	280790    	2.500000	296701    	2.500000	296701    	2.500000	296701    	2.500000	1191.19   	2.500000	946.452   	2.500000	3395.82   	2.500000	4459.97   	2.500000	3277.86   	
3.000000	381022    	3.000000	377355    	3.000000	392729    	3.000000	392729    	3.000000	392729    	3.000000	1650.27   	3.000000	1274.7    	3.000000	4134.5    	3.000000	5329.5    	3.000000	4016.7    	
3.500000	494335    	3.500000	486813    	3.500000	501337    	3.500000	501337    	3.500000	501337    	3.500000	2173.47   	3.500000	1637.55   	3.500000	4983.44   	3.500000	6321.13   	3.500000	4866.48   	
4.000000	620551    	4.000000	608821    	4.000000	622492    	4.000000	622492    	4.000000	622492    	4.000000	2760.08   	4.000000	2034.06   	4.000000	5937.18   	4.000000	7426.11   	4.000000	5822.21   	
4.500000	759461    	4.500000	743149    	4.500000	756112    	4.500000	756112    	4.500000	756112    	4.500000	3409.99   	4.500000	2463.63   	4.500000	6992.26   	4.500000	8638.77   	4.500000	6880.71   	
5.000000	910877    	5.000000	889613    	5.000000	902092    	5.000000	902092    	5.000000	902092    	5.000000	4123.08   	5.000000	2925.8    	5.000000	8146.17   	5.000000	9954.95   	5.000000	8039.63   	
5.500000	1.07463e+06	5.500000	1.04804e+06	5.500000	1.06031e+06	5.500000	1.06031e+06	5.500000	1.06031e+06	5.500000	4898.94   	5.500000	3420.1    	5.500000	9396.63   	5.500000	11371.1   	5.500000	9296.83   	
6.000000	1.25056e+06	6.000000	1.21827e+06	6.000000	1.23064e+06	6.000000	1.23064e+06	6.000000	1.23064e+06	6.000000	5737.04   	6.000000	3945.98   	6.000000	10742     	6.000000	12884.6   	6.000000	10650.8   	
6.500000	1.43853e+06	6.500000	1.40016e+06	6.500000	1.41296e+06	6.500000	1.41296e+06	6.500000	1.41295e+06	6.500000	6636.96   	6.500000	4502.97   	6.500000	12180.8   	6.500000	14492.9   	6.500000	12100     	
7.000000	1.6384e+06	7.000000	1.59357e+06	7.000000	1.60714e+06	7.000000	1.60714e+06	7.000000	1.60714e+06	7.000000	7598.22   	7.000000	5090.65   	7.000000	13711.8   	7.000000	16194.1   	7.000000	13643.4   	
7.500000	1.85005e+06	7.500000	1.7984e+06	7.500000	1.81307e+06	7.500000	1.81307e+06	7.500000	1.81307e+06	7.500000	8620.35   	7.500000	5708.6    	7.500000	15333.7   	7.500000	17986.5   	7.500000	15279.7   	
8.000000	2.07337e+06	8.000000	2.01451e+06	8.000000	2.03064e+06	8.000000	2.03064e+06	8.000000	2.03064e+06	8.000000	9702.9    	8.000000	6356.36   	8.000000	17045.6   	8.000000	19868.3   	8.000000	17008.1   	
8.500000	2.30825e+06	8.500000	2.2418e+06	8.500000	2.25974e+06	8.500000	2.25974e+06	8.500000	2.25974e+06	8.500000	10845.4   	8.500000	7033.4    	8.500000	18846.6   	8.500000	21838.2   	8.500000	18827.5   	
9.000000	2.55457e+06	9.000000	2.48017e+06	9.000000	2.50029e+06	9.000000	2.50029e+06	9.000000	2.50029e+06	9.000000	12047.4   	9.000000	7739.23   	9.000000	20735.6   	9.000000	23894.9   	9.000000	20737.2   	
9.500000	2.81225e+06	9.500000	2.72954e+06	9.500000	2.75219e+06	9.500000	2.75219e+06	9.500000	2.75219e+06	9.500000	13308.6   	9.500000	8473.58   	9.500000	22712     	9.500000	26037     	9.500000	22736.3   	
10.000000	3.08119e+06	10.000000	2.98985e+06	10.000000	3.01536e+06	10.000000	3.01536e+06	10.000000	3.01536e+06	10.000000	14629.3   	10.000000	9236.76   	10.000000	24775.5   	10.000000	28264.2   	10.000000	24824.8   	
11.000000	3.6525e+06	11.000000	3.54661e+06	11.000000	3.57552e+06	11.000000	3.57548e+06	11.000000	3.57553e+06	11.000000	17498.8   	11.000000	10878     	11.000000	29196.8   	11.000000	33005.2   	11.000000	29302.9   	
12.000000	4.26783e+06	12.000000	4.14709e+06	12.000000	4.18052e+06	12.000000	4.18034e+06	12.000000	4.18055e+06	12.000000	20606.9   	12.000000	12634.1   	12.000000	33968.4   	12.000000	38084.7   	12.000000	34140.6   	
13.000000	4.92656e+06	13.000000	4.79073e+06	13.000000	4.82979e+06	13.000000	4.82941e+06	13.000000	4.82987e+06	13.000000	23951.5   	13.000000	14502.6   	13.000000	39086.7   	13.000000	43496.4   	13.000000	39334.1   	
14.000000	5.62813e+06	14.000000	5.47702e+06	14.000000	5.52281e+06	14.000000	5.52217e+06	14.000000	5.52296e+06	14.000000	27530.8   	14.000000	16481.1   	14.000000	44547.8   	14.000000	49234.7   	14.000000	44879.9   	
15.000000	6.372e+06 	15.000000	6.20549e+06	15.000000	6.25908e+06	15.000000	6.25813e+06	15.000000	6.25933e+06	15.000000	31342.5   	15.000000	18568.9   	15.000000	50348.1   	15.000000	55294.3   	15.000000	50774.4   	
16.000000	7.15766e+06	16.000000	6.97568e+06	16.000000	7.03809e+06	16.000000	7.0368e+06	16.000000	7.03849e+06	16.000000	35384.6   	16.000000	20764.8   	16.000000	56484.2   	16.000000	61670.3   	16.000000	57014.5   	
17.000000	7.98464e+06	17.000000	7.78716e+06	17.000000	7.85939e+06	17.000000	7.85773e+06	17.000000	7.85997e+06	17.000000	39654.9   	17.000000	23066.1   	17.000000	62952.9   	17.000000	68358.4   	17.000000	63597.2   	
18.000000	8.85248e+06	18.000000	8.63954e+06	18.000000	8.72252e+06	18.000000	8.72047e+06	18.000000	8.72331e+06	18.000000	44151.4   	18.000000	25471.2   	18.000000	69751.2   	18.000000	75354.3   	18.000000	70519.6   	
19.000000	9.76077e+06	19.000000	9.53241e+06	19.000000	9.627e+06 	19.000000	9.62455e+06	19.000000	9.62805e+06	19.000000	48872.2   	19.000000	27978.9   	19.000000	76875.9   	19.000000	82653.8   	19.000000	77778.7   	
20.000000	1.07091e+07	20.000000	1.04654e+07	20.000000	1.05724e+07	20.000000	1.05695e+07	20.000000	1.05737e+07	20.000000	53815.2   	20.000000	30588.1   	20.000000	84324.4   	20.000000	90253.3   	20.000000	85372     	
21.000000	1.1697e+07	21.000000	1.14382e+07	21.000000	1.15582e+07	21.000000	1.15549e+07	21.000000	1.15599e+07	21.000000	58978.5   	21.000000	33297.3   	21.000000	92094.1   	21.000000	98149.5   	21.000000	93297     	
22.000000	1.27243e+07	22.000000	1.24505e+07	22.000000	1.2584e+07	22.000000	1.25803e+07	22.000000	1.2586e+07	22.000000	64360.1   	22.000000	36105.4   	22.000000	100182    	22.000000	106338    	22.000000	101551    	
23.000000	1.37904e+07	23.000000	1.35018e+07	23.000000	1.36493e+07	23.000000	1.36452e+07	23.000000	1.36517e+07	23.000000	69958.3   	23.000000	39011.4   	23.000000	108586    	23.000000	114817    	23.000000	110132    	
24.000000	1.48951e+07	24.000000	1.4592e+07	24.000000	1.47536e+07	24.000000	1.47492e+07	24.000000	1.47565e+07	24.000000	75771.2   	24.000000	42014     	24.000000	117303    	24.000000	123583    	24.000000	119037    	
25.000000	1.6038e+07	25.000000	1.57206e+07	25.000000	1.58965e+07	25.000000	1.58918e+07	25.000000	1.58999e+07	25.000000	81796.9   	25.000000	45112.3   	25.000000	126331    	25.000000	132632    	25.000000	128265    	
27.000000	1.84372e+07	27.000000	1.80923e+07	27.000000	1.82959e+07	27.000000	1.82907e+07	27.000000	1.83004e+07	27.000000	94479.9   	27.000000	51592     	27.000000	145310    	27.000000	151571    	27.000000	147678    	
29.000000	2.09855e+07	29.000000	2.06144e+07	29.000000	2.08436e+07	29.000000	2.0838e+07	29.000000	2.08493e+07	29.000000	107994    	29.000000	58442.1   	29.000000	165505    	29.000000	171612    	29.000000	168354    	
31.000000	2.36807e+07	31.000000	2.3285e+07	31.000000	2.35359e+07	31.000000	2.35302e+07	31.000000	2.35429e+07	31.000000	122324    	31.000000	65650.6   	31.000000	186899    	31.000000	192735    	31.000000	190278    	
33.000000	2.65206e+07	33.000000	2.6102e+07	33.000000	2.63724e+07	33.000000	2.6367e+07	33.000000	2.63808e+07	33.000000	137459    	33.000000	73214.8   	33.000000	209475    	33.000000	214920    	33.000000	213434    	
35.000000	2.95031e+07	35.000000	2.90634e+07	35.000000	2.93516e+07	35.000000	2.93467e+07	35.000000	2.93615e+07	35.000000	153386    	35.000000	81127.3   	35.000000	233217    	35.000000	238150    	35.000000	237807    	
38.000000	3.42399e+07	38.000000	3.37723e+07	38.000000	3.40838e+07	38.000000	3.40804e+07	38.000000	3.40961e+07	38.000000	178733    	38.000000	93631.8   	38.000000	270982    	38.000000	274918    	38.000000	276618    	
41.000000	3.9287e+07	41.000000	3.8796e+07	41.000000	3.9127e+07	41.000000	3.91259e+07	41.000000	3.91418e+07	41.000000	205793    	41.000000	106889    	41.000000	311284    	41.000000	313944    	41.000000	318091    	
44.000000	4.46384e+07	44.000000	4.4129e+07	44.000000	4.44756e+07	44.000000	4.44776e+07	44.000000	4.44932e+07	44.000000	234528    	44.000000	120870    	44.000000	354075    	44.000000	355178    	44.000000	362180    	
47.000000	5.02888e+07	47.000000	4.97659e+07	47.000000	5.01244e+07	47.000000	5.01304e+07	47.000000	5.01451e+07	47.000000	264900    	47.000000	135559    	47.000000	399309    	47.000000	398573    	47.000000	408846    	
50.000000	5.62328e+07	50.000000	5.57016e+07	50.000000	5.60684e+07	50.000000	5.60793e+07	50.000000	5.60925e+07	50.000000	296873    	50.000000	150938    	50.000000	446941    	50.000000	444084    	50.000000	458046    	
55.000000	6.67791e+07	55.000000	6.62454e+07	55.000000	6.66198e+07	55.000000	6.66396e+07	55.000000	6.66489e+07	55.000000	353626    	55.000000	178066    	55.000000	531538    	55.000000	524523    	55.000000	545576    	
60.000000	7.81066e+07	60.000000	7.75843e+07	60.000000	7.79577e+07	60.000000	7.79891e+07	60.000000	7.79929e+07	60.000000	414577    	60.000000	207007    	60.000000	622484    	60.000000	610537    	60.000000	639870    	
65.000000	9.01958e+07	65.000000	8.96985e+07	65.000000	9.00642e+07	65.000000	9.01085e+07	65.000000	9.01052e+07	65.000000	479578    	65.000000	237675    	65.000000	719597    	65.000000	701957    	65.000000	740766    	
70.000000	1.03028e+08	70.000000	1.02569e+08	70.000000	1.0292e+08	70.000000	1.0298e+08	70.000000	1.02968e+08	70.000000	548491    	70.000000	270026    	70.000000	822703    	70.000000	798622    	70.000000	848109    	
75.000000	1.16587e+08	75.000000	1.16178e+08	75.000000	1.16509e+08	75.000000	1.16586e+08	75.000000	1.16564e+08	75.000000	621181    	75.000000	303994    	75.000000	931635    	75.000000	900383    	75.000000	961752    	
80.000000	1.30857e+08	80.000000	1.30508e+08	80.000000	1.30815e+08	80.000000	1.30911e+08	80.000000	1.30877e+08	80.000000	697521    	80.000000	339543    	80.000000	1.04624e+06	80.000000	1.0071e+06	80.000000	1.08155e+06	
85.000000	1.45821e+08	85.000000	1.45544e+08	85.000000	1.45822e+08	85.000000	1.45939e+08	85.000000	1.45891e+08	85.000000	777390    	85.000000	376597    	85.000000	1.16635e+06	85.000000	1.11864e+06	85.000000	1.20738e+06	
90.000000	1.61467e+08	90.000000	1.6127e+08	90.000000	1.61516e+08	90.000000	1.61656e+08	90.000000	1.61593e+08	90.000000	860671    	90.000000	415117    	90.000000	1.29184e+06	90.000000	1.23487e+06	90.000000	1.3391e+06	
95.000000	1.77781e+08	95.000000	1.7767e+08	95.000000	1.77882e+08	95.000000	1.78047e+08	95.000000	1.77967e+08	95.000000	947252    	95.000000	455062    	95.000000	1.42256e+06	95.000000	1.35568e+06	95.000000	1.47659e+06	
100.000000	1.9475e+08	100.000000	1.94732e+08	100.000000	1.94907e+08	100.000000	1.95099e+08	100.000000	1.95001e+08	100.000000	1.03703e+06	100.000000	496393    	100.000000	1.55836e+06	100.000000	1.48095e+06	100.000000	1.61973e+06	
105.000000	2.12362e+08	105.000000	2.1244e+08	105.000000	2.12578e+08	105.000000	2.12799e+08	105.000000	2.12681e+08	105.000000	1.12989e+06	105.000000	539071    	105.000000	1.69914e+06	105.000000	1.61057e+06	105.000000	1.7684e+06	
110.000000	2.30605e+08	110.000000	2.30783e+08	110.000000	2.30883e+08	110.000000	2.31133e+08	110.000000	2.30994e+08	110.000000	1.22574e+06	110.000000	583067    	110.000000	1.84474e+06	110.000000	1.74444e+06	110.000000	1.92249e+06	
115.000000	2.49469e+08	115.000000	2.49747e+08	115.000000	2.49808e+08	115.000000	2.50091e+08	115.000000	2.49928e+08	115.000000	1.32449e+06	115.000000	628332    	115.000000	1.99506e+06	115.000000	1.88245e+06	115.000000	2.0819e+06	
120.000000	2.68942e+08	120.000000	2.6932e+08	120.000000	2.69343e+08	120.000000	2.6966e+08	120.000000	2.69472e+08	120.000000	1.42604e+06	120.000000	674808    	120.000000	2.14998e+06	120.000000	2.02452e+06	120.000000	2.24651e+06	
125.000000	2.89015e+08	125.000000	2.89491e+08	125.000000	2.89475e+08	125.000000	2.89828e+08	125.000000	2.89614e+08	125.000000	1.53031e+06	125.000000	722499    	125.000000	2.30938e+06	125.000000	2.17054e+06	125.000000	2.41623e+06	
130.000000	3.09677e+08	130.000000	3.10247e+08	130.000000	3.10193e+08	130.000000	3.10585e+08	130.000000	3.10344e+08	130.000000	1.63721e+06	130.000000	771355    	130.000000	2.47315e+06	130.000000	2.32044e+06	130.000000	2.59095e+06	
135.000000	3.3092e+08	135.000000	3.31579e+08	135.000000	3.3149e+08	135.000000	3.3192e+08	135.000000	3.31649e+08	135.000000	1.74665e+06	135.000000	821326    	135.000000	2.64119e+06	135.000000	2.47411e+06	135.000000	2.77058e+06	
140.000000	3.52733e+08	140.000000	3.53475e+08	140.000000	3.53353e+08	140.000000	3.53823e+08	140.000000	3.53521e+08	140.000000	1.85856e+06	140.000000	872395    	140.000000	2.81339e+06	140.000000	2.63149e+06	140.000000	2.95503e+06	
145.000000	3.7511e+08	145.000000	3.75924e+08	145.000000	3.7577e+08	145.000000	3.76283e+08	145.000000	3.75949e+08	145.000000	1.97286e+06	145.000000	924535    	145.000000	2.98966e+06	145.000000	2.79248e+06	145.000000	3.14421e+06	
150.000000	3.9804e+08	150.000000	3.98918e+08	150.000000	3.98733e+08	150.000000	3.9929e+08	150.000000	3.98922e+08	150.000000	2.08948e+06	150.000000	977721    	150.000000	3.16988e+06	150.000000	2.95702e+06	150.000000	3.33803e+06	
155.000000	4.29551e+08	155.000000	4.22445e+08	155.000000	4.22233e+08	155.000000	4.22835e+08	155.000000	4.22432e+08	155.000000	2.20834e+06	155.000000	1.03193e+06	155.000000	3.35398e+06	155.000000	3.12503e+06	155.000000	3.5364e+06	
160.000000	4.6202e+08	160.000000	4.46497e+08	160.000000	4.46259e+08	160.000000	4.46909e+08	160.000000	4.4647e+08	160.000000	2.32938e+06	160.000000	1.08714e+06	160.000000	3.54185e+06	160.000000	3.29643e+06	160.000000	3.73924e+06	
165.000000	4.95161e+08	165.000000	4.71064e+08	165.000000	4.70803e+08	165.000000	4.71503e+08	165.000000	4.71025e+08	165.000000	2.45253e+06	165.000000	1.14333e+06	165.000000	3.73342e+06	165.000000	3.47116e+06	165.000000	3.94647e+06	
170.000000	5.28962e+08	170.000000	4.96138e+08	170.000000	4.95857e+08	170.000000	4.96608e+08	170.000000	4.9609e+08	170.000000	2.57773e+06	170.000000	1.20048e+06	170.000000	3.92859e+06	170.000000	3.64915e+06	170.000000	4.15802e+06	
175.000000	5.63413e+08	175.000000	5.21709e+08	175.000000	5.2141e+08	175.000000	5.22214e+08	175.000000	5.21655e+08	175.000000	2.70491e+06	175.000000	1.25856e+06	175.000000	4.12727e+06	175.000000	3.83032e+06	175.000000	4.37379e+06	
180.000000	5.98502e+08	180.000000	5.4777e+08	180.000000	5.47455e+08	180.000000	5.48314e+08	180.000000	5.47713e+08	180.000000	2.83401e+06	180.000000	1.31757e+06	180.000000	4.32939e+06	180.000000	4.01462e+06	180.000000	4.59372e+06	
185.000000	6.34219e+08	185.000000	5.74311e+08	185.000000	5.73984e+08	185.000000	5.749e+08 	185.000000	5.74254e+08	185.000000	2.96497e+06	185.000000	1.37748e+06	185.000000	4.53487e+06	185.000000	4.20199e+06	185.000000	4.81774e+06	
190.000000	6.70553e+08	190.000000	6.01326e+08	190.000000	6.00991e+08	190.000000	6.01963e+08	190.000000	6.01272e+08	190.000000	3.09774e+06	190.000000	1.43824e+06	190.000000	4.74363e+06	190.000000	4.39236e+06	190.000000	5.04576e+06	
195.000000	7.07494e+08	195.000000	6.28805e+08	195.000000	6.28466e+08	195.000000	6.29496e+08	195.000000	6.28758e+08	195.000000	3.23226e+06	195.000000	1.49982e+06	195.000000	4.9556e+06	195.000000	4.58568e+06	195.000000	5.27774e+06	
200.000000	7.45033e+08	200.000000	6.56741e+08	200.000000	6.564e+08 	200.000000	6.5749e+08	200.000000	6.56704e+08	200.000000	3.36848e+06	200.000000	1.56225e+06	200.000000	5.1707e+06	200.000000	4.78188e+06	200.000000	5.51358e+06	
210.000000	8.21866e+08	210.000000	7.13956e+08	210.000000	7.1362e+08	210.000000	7.14836e+08	210.000000	7.13949e+08	210.000000	3.6458e+06	210.000000	1.68955e+06	210.000000	5.61e+06  	210.000000	5.18273e+06	210.000000	5.99664e+06	
220.000000	9.00979e+08	220.000000	7.72914e+08	220.000000	7.72594e+08	220.000000	7.73941e+08	220.000000	7.72949e+08	220.000000	3.92932e+06	220.000000	1.8199e+06	220.000000	6.061e+06 	220.000000	5.59448e+06	220.000000	6.49441e+06	
230.000000	9.82302e+08	230.000000	8.33558e+08	230.000000	8.33265e+08	230.000000	8.34752e+08	230.000000	8.33648e+08	230.000000	4.21866e+06	230.000000	1.95318e+06	230.000000	6.52317e+06	230.000000	6.01673e+06	230.000000	7.0064e+06	
240.000000	1.06577e+09	240.000000	8.95837e+08	240.000000	8.95584e+08	240.000000	8.97214e+08	240.000000	8.95994e+08	240.000000	4.51347e+06	240.000000	2.08934e+06	240.000000	6.99602e+06	240.000000	6.44908e+06	240.000000	7.53215e+06	
250.000000	1.15132e+09	250.000000	9.597e+08 	250.000000	9.59501e+08	250.000000	9.61277e+08	250.000000	9.59936e+08	250.000000	4.81342e+06	250.000000	2.22833e+06	250.000000	7.47907e+06	250.000000	6.89117e+06	250.000000	8.07121e+06	
260.000000	1.23889e+09	260.000000	1.0251e+09	260.000000	1.02496e+09	260.000000	1.02689e+09	260.000000	1.02542e+09	260.000000	5.1182e+06	260.000000	2.36983e+06	260.000000	7.97189e+06	260.000000	7.34264e+06	260.000000	8.62312e+06	
270.000000	1.32842e+09	270.000000	1.09199e+09	270.000000	1.09192e+09	270.000000	1.09401e+09	270.000000	1.09241e+09	270.000000	5.42751e+06	270.000000	2.51384e+06	270.000000	8.47404e+06	270.000000	7.80316e+06	270.000000	9.1875e+06	
280.000000	1.41986e+09	280.000000	1.16033e+09	280.000000	1.16034e+09	280.000000	1.16259e+09	280.000000	1.16086e+09	280.000000	5.74109e+06	280.000000	2.66033e+06	280.000000	8.98511e+06	280.000000	8.2724e+06	280.000000	9.76392e+06	
290.000000	1.51316e+09	290.000000	1.23007e+09	290.000000	1.23016e+09	290.000000	1.23259e+09	290.000000	1.23072e+09	290.000000	6.05866e+06	290.000000	2.80921e+06	290.000000	9.50472e+06	290.000000	8.75007e+06	290.000000	1.0352e+07	
300.000000	1.60827e+09	300.000000	1.30117e+09	300.000000	1.30136e+09	300.000000	1.30396e+09	300.000000	1.30194e+09	300.000000	6.37997e+06	300.000000	2.96036e+06	300.000000	1.00325e+07	300.000000	9.23586e+06	300.000000	1.09514e+07	
310.000000	1.70513e+09	310.000000	1.3736e+09	310.000000	1.37389e+09	310.000000	1.37667e+09	310.000000	1.3745e+09	310.000000	6.7048e+06	310.000000	3.11362e+06	310.000000	1.05681e+07	310.000000	9.7295e+06	310.000000	1.15617e+07	
320.000000	1.8037e+09	320.000000	1.44732e+09	320.000000	1.44771e+09	320.000000	1.45068e+09	320.000000	1.44835e+09	320.000000	7.03292e+06	320.000000	3.26898e+06	320.000000	1.11111e+07	320.000000	1.02307e+07	320.000000	1.21827e+07	
330.000000	1.90393e+09	330.000000	1.52229e+09	330.000000	1.52278e+09	330.000000	1.52594e+09	330.000000	1.52346e+09	330.000000	7.36411e+06	330.000000	3.42644e+06	330.000000	1.16613e+07	330.000000	1.07392e+07	330.000000	1.28139e+07	
340.000000	2.00579e+09	340.000000	1.59848e+09	340.000000	1.59908e+09	340.000000	1.60243e+09	340.000000	1.59979e+09	340.000000	7.69819e+06	340.000000	3.58581e+06	340.000000	1.22184e+07	340.000000	1.12548e+07	340.000000	1.3455e+07	
350.000000	2.10922e+09	350.000000	1.67585e+09	350.000000	1.67656e+09	350.000000	1.68011e+09	350.000000	1.6773e+09	350.000000	8.03495e+06	350.000000	3.74699e+06	350.000000	1.2782e+07	350.000000	1.17772e+07	350.000000	1.41059e+07	
360.000000	2.2142e+09	360.000000	1.75437e+09	360.000000	1.7552e+09	360.000000	1.75894e+09	360.000000	1.75596e+09	360.000000	8.37422e+06	360.000000	3.90999e+06	360.000000	1.33519e+07	360.000000	1.23063e+07	360.000000	1.4766e+07	
370.000000	2.32067e+09	370.000000	1.83401e+09	370.000000	1.83495e+09	370.000000	1.8389e+09	370.000000	1.83575e+09	370.000000	8.71583e+06	370.000000	4.07486e+06	370.000000	1.39277e+07	370.000000	1.28416e+07	370.000000	1.54352e+07	
380.000000	2.42861e+09	380.000000	1.91474e+09	380.000000	1.91579e+09	380.000000	1.91995e+09	380.000000	1.91662e+09	380.000000	9.05962e+06	380.000000	4.24151e+06	380.000000	1.45093e+07	380.000000	1.33832e+07	380.000000	1.61132e+07	
390.000000	2.53797e+09	390.000000	1.99653e+09	390.000000	1.99769e+09	390.000000	2.00207e+09	390.000000	1.99856e+09	390.000000	9.40542e+06	390.000000	4.40981e+06	390.000000	1.50963e+07	390.000000	1.39307e+07	390.000000	1.67997e+07	
400.000000	2.64873e+09	400.000000	2.07936e+09	400.000000	2.08062e+09	400.000000	2.08522e+09	400.000000	2.08152e+09	400.000000	9.7531e+06	400.000000	4.5797e+06	400.000000	1.56886e+07	400.000000	1.44839e+07	400.000000	1.74945e+07	
410.000000	2.76084e+09	410.000000	2.16319e+09	410.000000	2.16455e+09	410.000000	2.16938e+09	410.000000	2.16549e+09	410.000000	1.01025e+07	410.000000	4.75116e+06	410.000000	1.6286e+07	410.000000	1.50427e+07	410.000000	1.81973e+07	
420.000000	2.87427e+09	420.000000	2.24801e+09	420.000000	2.24946e+09	420.000000	2.25451e+09	420.000000	2.25043e+09	420.000000	1.04535e+07	420.000000	4.92407e+06	420.000000	1.68881e+07	420.000000	1.56069e+07	420.000000	1.89079e+07	
430.000000	2.989e+09 	430.000000	2.33377e+09	430.000000	2.33532e+09	430.000000	2.3406e+09	430.000000	2.33633e+09	430.000000	1.0806e+07	430.000000	5.09834e+06	430.000000	1.74947e+07	430.000000	1.61763e+07	430.000000	1.9626e+07	
440.000000	3.10499e+09	440.000000	2.42047e+09	440.000000	2.4221e+09	440.000000	2.42762e+09	440.000000	2.42314e+09	440.000000	1.11599e+07	440.000000	5.27396e+06	440.000000	1.81058e+07	440.000000	1.67507e+07	440.000000	2.03514e+07	
450.000000	3.22221e+09	450.000000	2.50808e+09	450.000000	2.50979e+09	450.000000	2.51554e+09	450.000000	2.51086e+09	450.000000	1.1515e+07	450.000000	5.45097e+06	450.000000	1.8721e+07	450.000000	1.733e+07 	450.000000	2.10838e+07	
460.000000	3.34063e+09	460.000000	2.59657e+09	460.000000	2.59835e+09	460.000000	2.60434e+09	460.000000	2.59946e+09	460.000000	1.18712e+07	460.000000	5.62937e+06	460.000000	1.93403e+07	460.000000	1.7914e+07	460.000000	2.18232e+07	
470.000000	3.46023e+09	470.000000	2.68592e+09	470.000000	2.68776e+09	470.000000	2.694e+09 	470.000000	2.68891e+09	470.000000	1.22284e+07	470.000000	5.80913e+06	470.000000	1.99633e+07	470.000000	1.85025e+07	470.000000	2.25692e+07	
480.000000	3.58097e+09	480.000000	2.77612e+09	480.000000	2.778e+09 	480.000000	2.78449e+09	480.000000	2.77919e+09	480.000000	1.25866e+07	480.000000	5.99017e+06	480.000000	2.059e+07 	480.000000	1.90954e+07	480.000000	2.33217e+07	
490.000000	3.70283e+09	490.000000	2.86713e+09	490.000000	2.86905e+09	490.000000	2.8758e+09	490.000000	2.87028e+09	490.000000	1.29456e+07	490.000000	6.17237e+06	490.000000	2.12201e+07	490.000000	1.96925e+07	490.000000	2.40805e+07	
500.000000	3.82578e+09	500.000000	2.95895e+09	500.000000	2.96089e+09	500.000000	2.96789e+09	500.000000	2.96216e+09	500.000000	1.33054e+07	500.000000	6.3557e+06	500.000000	2.18536e+07	500.000000	2.02938e+07	500.000000	2.48453e+07	
520.000000	4.07487e+09	520.000000	3.14489e+09	520.000000	3.14687e+09	520.000000	3.15438e+09	520.000000	3.1482e+09	520.000000	1.40268e+07	520.000000	6.72584e+06	520.000000	2.31298e+07	520.000000	2.15081e+07	520.000000	2.63925e+07	
540.000000	4.32804e+09	540.000000	3.33381e+09	540.000000	3.33577e+09	540.000000	3.3438e+09	540.000000	3.33717e+09	540.000000	1.47503e+07	540.000000	7.10053e+06	540.000000	2.44175e+07	540.000000	2.27372e+07	540.000000	2.79619e+07	
560.000000	4.58511e+09	560.000000	3.52556e+09	560.000000	3.52744e+09	560.000000	3.53601e+09	560.000000	3.52891e+09	560.000000	1.54751e+07	560.000000	7.47925e+06	560.000000	2.57155e+07	560.000000	2.39802e+07	560.000000	2.95522e+07	
580.000000	4.84589e+09	580.000000	3.72001e+09	580.000000	3.72174e+09	580.000000	3.73087e+09	580.000000	3.72329e+09	580.000000	1.62009e+07	580.000000	7.86203e+06	580.000000	2.70229e+07	580.000000	2.52361e+07	580.000000	3.11621e+07	
600.000000	5.11024e+09	600.000000	3.91703e+09	600.000000	3.91856e+09	600.000000	3.92824e+09	600.000000	3.92019e+09	600.000000	1.6927e+07	600.000000	8.2488e+06	600.000000	2.83387e+07	600.000000	2.65041e+07	600.000000	3.27904e+07	
620.000000	5.37799e+09	620.000000	4.1165e+09	620.000000	4.11776e+09	620.000000	4.12802e+09	620.000000	4.11947e+09	620.000000	1.76532e+07	620.000000	8.63911e+06	620.000000	2.96621e+07	620.000000	2.77833e+07	620.000000	3.44361e+07	
640.000000	5.64899e+09	640.000000	4.31831e+09	640.000000	4.31922e+09	640.000000	4.33007e+09	640.000000	4.32102e+09	640.000000	1.83789e+07	640.000000	9.03271e+06	640.000000	3.09921e+07	640.000000	2.9073e+07	640.000000	3.6098e+07	
660.000000	5.9231e+09	660.000000	4.52235e+09	660.000000	4.52286e+09	660.000000	4.5343e+09	660.000000	4.52474e+09	660.000000	1.91038e+07	660.000000	9.42953e+06	660.000000	3.23281e+07	660.000000	3.03725e+07	660.000000	3.77753e+07	
680.000000	6.20018e+09	680.000000	4.72852e+09	680.000000	4.72857e+09	680.000000	4.7406e+09	680.000000	4.73053e+09	680.000000	1.98276e+07	680.000000	9.82942e+06	680.000000	3.36694e+07	680.000000	3.1681e+07	680.000000	3.94668e+07	
700.000000	6.4801e+09	700.000000	4.93673e+09	700.000000	4.93624e+09	700.000000	4.94888e+09	700.000000	4.93828e+09	700.000000	2.05499e+07	700.000000	1.02323e+07	700.000000	3.50153e+07	700.000000	3.29979e+07	700.000000	4.11717e+07	
720.000000	6.76275e+09	720.000000	5.14688e+09	720.000000	5.14579e+09	720.000000	5.15903e+09	720.000000	5.1479e+09	720.000000	2.12706e+07	720.000000	1.0638e+07	720.000000	3.63651e+07	720.000000	3.43226e+07	720.000000	4.28893e+07	
740.000000	7.04799e+09	740.000000	5.35888e+09	740.000000	5.35711e+09	740.000000	5.37099e+09	740.000000	5.35932e+09	740.000000	2.19893e+07	740.000000	1.10464e+07	740.000000	3.77184e+07	740.000000	3.56546e+07	740.000000	4.46185e+07	
760.000000	7.33573e+09	760.000000	5.57266e+09	760.000000	5.57014e+09	760.000000	5.58465e+09	760.000000	5.57244e+09	760.000000	2.27057e+07	760.000000	1.14573e+07	760.000000	3.90745e+07	760.000000	3.69931e+07	760.000000	4.63588e+07	
780.000000	7.62585e+09	780.000000	5.78814e+09	780.000000	5.7848e+09	780.000000	5.79994e+09	780.000000	5.78718e+09	780.000000	2.34198e+07	780.000000	1.18704e+07	780.000000	4.04329e+07	780.000000	3.83378e+07	780.000000	4.81092e+07	
800.000000	7.91825e+09	800.000000	6.00523e+09	800.000000	6.00102e+09	800.000000	6.0168e+09	800.000000	6.00348e+09	800.000000	2.41313e+07	800.000000	1.22857e+07	800.000000	4.17933e+07	800.000000	3.96882e+07	800.000000	4.98693e+07	
820.000000	8.21282e+09	820.000000	6.22387e+09	820.000000	6.21872e+09	820.000000	6.23514e+09	820.000000	6.22126e+09	820.000000	2.48401e+07	820.000000	1.27033e+07	820.000000	4.3155e+07	820.000000	4.10437e+07	820.000000	5.16382e+07	
840.000000	8.50948e+09	840.000000	6.44399e+09	840.000000	6.43785e+09	840.000000	6.45491e+09	840.000000	6.44046e+09	840.000000	2.55459e+07	840.000000	1.31232e+07	840.000000	4.45178e+07	840.000000	4.24039e+07	840.000000	5.34153e+07	
860.000000	8.80813e+09	860.000000	6.66553e+09	860.000000	6.65832e+09	860.000000	6.67603e+09	860.000000	6.66101e+09	860.000000	2.62486e+07	860.000000	1.35453e+07	860.000000	4.58813e+07	860.000000	4.37684e+07	860.000000	5.52001e+07	
880.000000	9.10868e+09	880.000000	6.88842e+09	880.000000	6.88007e+09	880.000000	6.89845e+09	880.000000	6.88285e+09	880.000000	2.69482e+07	880.000000	1.39696e+07	880.000000	4.7245e+07	880.000000	4.51369e+07	880.000000	5.69919e+07	
900.000000	9.41106e+09	900.000000	7.1126e+09	900.000000	7.10306e+09	900.000000	7.12211e+09	900.000000	7.10593e+09	900.000000	2.76444e+07	900.000000	1.43957e+07	900.000000	4.86087e+07	900.000000	4.65088e+07	900.000000	5.87903e+07	
920.000000	9.71517e+09	920.000000	7.33802e+09	920.000000	7.32723e+09	920.000000	7.34695e+09	920.000000	7.33019e+09	920.000000	2.83373e+07	920.000000	1.48237e+07	920.000000	4.9972e+07	920.000000	4.78838e+07	920.000000	6.05947e+07	
940.000000	1.00209e+10	940.000000	7.56462e+09	940.000000	7.55253e+09	940.000000	7.57293e+09	940.000000	7.55558e+09	940.000000	2.90266e+07	940.000000	1.52533e+07	940.000000	5.13346e+07	940.000000	4.92617e+07	940.000000	6.24045e+07	
960.000000	1.03283e+10	960.000000	7.79234e+09	960.000000	7.77891e+09	960.000000	7.79999e+09	960.000000	7.78204e+09	960.000000	2.97123e+07	960.000000	1.56844e+07	960.000000	5.26962e+07	960.000000	5.0642e+07	960.000000	6.42194e+07	
980.000000	1.06372e+10	980.000000	8.02115e+09	980.000000	8.00632e+09	980.000000	8.02808e+09	980.000000	8.00954e+09	980.000000	3.03943e+07	980.000000	1.61171e+07	980.000000	5.40566e+07	980.000000	5.20245e+07	980.000000	6.60388e+07	
1000.000000	1.09475e+10	1000.000000	8.25099e+09	1000.000000	8.23473e+09	1000.000000	8.25717e+09	1000.000000	8.23802e+09	1000.000000	3.10726e+07	1000.000000	1.65511e+07	1000.000000	5.54156e+07	1000.000000	5.34088e+07	1000.000000	6.78624e+07	
1020.000000	1.12592e+10	1020.000000	8.48181e+09	1020.000000	8.46408e+09	1020.000000	8.4872e+09	1020.000000	8.46745e+09	1020.000000	3.17471e+07	1020.000000	1.69866e+07	1020.000000	5.67728e+07	1020.000000	5.47946e+07	1020.000000	6.96897e+07	
1040.000000	1.15722e+10	1040.000000	8.71358e+09	1040.000000	8.69434e+09	1040.000000	8.71813e+09	1040.000000	8.69778e+09	1040.000000	3.24177e+07	1040.000000	1.74236e+07	1040.000000	5.81281e+07	1040.000000	5.61818e+07	1040.000000	7.15203e+07	
1060.000000	1.18865e+10	1060.000000	8.94624e+09	1060.000000	8.92545e+09	1060.000000	8.94994e+09	1060.000000	8.92897e+09	1060.000000	3.30845e+07	1060.000000	1.7862e+07	1060.000000	5.94813e+07	1060.000000	5.757e+07 	1060.000000	7.33539e+07	
1080.000000	1.2202e+10	1080.000000	9.17976e+09	1080.000000	9.15738e+09	1080.000000	9.18257e+09	1080.000000	9.16099e+09	1080.000000	3.37473e+07	1080.000000	1.83019e+07	1080.000000	6.08322e+07	1080.000000	5.8959e+07	1080.000000	7.519e+07 	
1100.000000	1.25186e+10	1100.000000	9.4141e+09	1100.000000	9.39011e+09	1100.000000	9.416e+09 	1100.000000	9.3938e+09	1100.000000	3.44061e+07	1100.000000	1.87433e+07	1100.000000	6.21807e+07	1100.000000	6.03486e+07	1100.000000	7.70284e+07	
1120.000000	1.28363e+10	1120.000000	9.64923e+09	1120.000000	9.62358e+09	1120.000000	9.65018e+09	1120.000000	9.62737e+09	1120.000000	3.50609e+07	1120.000000	1.91859e+07	1120.000000	6.35264e+07	1120.000000	6.17384e+07	1120.000000	7.88686e+07	
1140.000000	1.3155e+10	1140.000000	9.8851e+09	1140.000000	9.85778e+09	1140.000000	9.8851e+09	1140.000000	9.86166e+09	1140.000000	3.57116e+07	1140.000000	1.96298e+07	1140.000000	6.48693e+07	1140.000000	6.31284e+07	1140.000000	8.07105e+07	
1160.000000	1.34747e+10	1160.000000	1.01217e+10	1160.000000	1.00927e+10	1160.000000	1.01207e+10	1160.000000	1.00966e+10	1160.000000	3.63583e+07	1160.000000	2.00747e+07	1160.000000	6.62093e+07	1160.000000	6.45183e+07	1160.000000	8.25537e+07	
1180.000000	1.37953e+10	1180.000000	1.03589e+10	1180.000000	1.03282e+10	1180.000000	1.0357e+10	1180.000000	1.03323e+10	1180.000000	3.70009e+07	1180.000000	2.05207e+07	1180.000000	6.75462e+07	1180.000000	6.59079e+07	1180.000000	8.43978e+07	
1200.000000	1.41168e+10	1200.000000	1.05968e+10	1200.000000	1.05644e+10	1200.000000	1.05939e+10	1200.000000	1.05686e+10	1200.000000	3.76395e+07	1200.000000	2.09677e+07	1200.000000	6.88798e+07	1200.000000	6.72971e+07	1200.000000	8.62427e+07	
1220.000000	1.44392e+10	1220.000000	1.08354e+10	1220.000000	1.08012e+10	1220.000000	1.08314e+10	1220.000000	1.08055e+10	1220.000000	3.82739e+07	1220.000000	2.14156e+07	1220.000000	7.02102e+07	1220.000000	6.86856e+07	1220.000000	8.80881e+07	
1240.000000	1.47623e+10	1240.000000	1.10745e+10	1240.000000	1.10386e+10	1240.000000	1.10695e+10	1240.000000	1.10429e+10	1240.000000	3.89042e+07	1240.000000	2.18644e+07	1240.000000	7.1537e+07	1240.000000	7.00733e+07	1240.000000	8.99336e+07	
1260.000000	1.50861e+10	1260.000000	1.13141e+10	1260.000000	1.12766e+10	1260.000000	1.13082e+10	1260.000000	1.12809e+10	1260.000000	3.95304e+07	1260.000000	2.23142e+07	1260.000000	7.28603e+07	1260.000000	7.146e+07 	1260.000000	9.17791e+07	
1280.000000	1.54107e+10	1280.000000	1.15543e+10	1280.000000	1.1515e+10	1280.000000	1.15473e+10	1280.000000	1.15195e+10	1280.000000	4.01525e+07	1280.000000	2.27648e+07	1280.000000	7.41799e+07	1280.000000	7.28456e+07	1280.000000	9.36244e+07	
1300.000000	1.57359e+10	1300.000000	1.1795e+10	1300.000000	1.1754e+10	1300.000000	1.1787e+10	1300.000000	1.17586e+10	1300.000000	4.07705e+07	1300.000000	2.32163e+07	1300.000000	7.54957e+07	1300.000000	7.42299e+07	1300.000000	9.54691e+07	
1320.000000	1.60618e+10	1320.000000	1.20362e+10	1320.000000	1.19934e+10	1320.000000	1.20272e+10	1320.000000	1.19981e+10	1320.000000	4.13844e+07	1320.000000	2.36686e+07	1320.000000	7.68077e+07	1320.000000	7.56128e+07	1320.000000	9.73132e+07	
1340.000000	1.63882e+10	1340.000000	1.22778e+10	1340.000000	1.22333e+10	1340.000000	1.22679e+10	1340.000000	1.22381e+10	1340.000000	4.19941e+07	1340.000000	2.41217e+07	1340.000000	7.81158e+07	1340.000000	7.69942e+07	1340.000000	9.91563e+07	
1360.000000	1.67152e+10	1360.000000	1.25199e+10	1360.000000	1.24737e+10	1360.000000	1.2509e+10	1360.000000	1.24786e+10	1360.000000	4.25998e+07	1360.000000	2.45755e+07	1360.000000	7.94199e+07	1360.000000	7.83739e+07	1360.000000	1.00998e+08	
1380.000000	1.70427e+10	1380.000000	1.27623e+10	1380.000000	1.27145e+10	1380.000000	1.27505e+10	1380.000000	1.27195e+10	1380.000000	4.32014e+07	1380.000000	2.503e+07 	1380.000000	8.072e+07 	1380.000000	7.97518e+07	1380.000000	1.02839e+08	
1400.000000	1.73707e+10	1400.000000	1.30052e+10	1400.000000	1.29557e+10	1400.000000	1.29925e+10	1400.000000	1.29608e+10	1400.000000	4.37989e+07	1400.000000	2.54852e+07	1400.000000	8.20159e+07	1400.000000	8.11278e+07	1400.000000	1.04678e+08	
1420.000000	1.76991e+10	1420.000000	1.32484e+10	1420.000000	1.31973e+10	1420.000000	1.32348e+10	1420.000000	1.32024e+10	1420.000000	4.43924e+07	1420.000000	2.59411e+07	1420.000000	8.33076e+07	1420.000000	8.25018e+07	1420.000000	1.06516e+08	
1440.000000	1.8028e+10	1440.000000	1.34919e+10	1440.000000	1.34392e+10	1440.000000	1.34775e+10	1440.000000	1.34445e+10	1440.000000	4.49818e+07	1440.000000	2.63976e+07	1440.000000	8.4595e+07	1440.000000	8.38736e+07	1440.000000	1.08352e+08	
1460.000000	1.83572e+10	1460.000000	1.37358e+10	1460.000000	1.36815e+10	1460.000000	1.37205e+10	1460.000000	1.36869e+10	1460.000000	4.55672e+07	1460.000000	2.68548e+07	1460.000000	8.58782e+07	1460.000000	8.52433e+07	1460.000000	1.10186e+08	
1480.000000	1.86868e+10	1480.000000	1.39799e+10	1480.000000	1.39242e+10	1480.000000	1.39639e+10	1480.000000	1.39296e+10	1480.000000	4.61485e+07	1480.000000	2.73125e+07	1480.000000	8.7157e+07	1480.000000	8.66106e+07	1480.000000	1.12018e+08	
1500.000000	1.90167e+10	1500.000000	1.42244e+10	1500.000000	1.41672e+10	1500.000000	1.42077e+10	1500.000000	1.41727e+10	1500.000000	4.67259e+07	1500.000000	2.77709e+07	1500.000000	8.84314e+07	1500.000000	8.79755e+07	1500.000000	1.13847e+08	
1520.000000	1.93469e+10	1520.000000	1.44691e+10	1520.000000	1.44105e+10	1520.000000	1.44517e+10	1520.000000	1.44161e+10	1520.000000	4.72993e+07	1520.000000	2.82298e+07	1520.000000	8.97015e+07	1520.000000	8.93379e+07	1520.000000	1.15675e+08	
1540.000000	1.96774e+10	1540.000000	1.47141e+10	1540.000000	1.46541e+10	1540.000000	1.4696e+10	1540.000000	1.46598e+10	1540.000000	4.78687e+07	1540.000000	2.86892e+07	1540.000000	9.0967e+07	1540.000000	9.06977e+07	1540.000000	1.17499e+08	
1560.000000	2.00081e+10	1560.000000	1.49593e+10	1560.000000	1.48979e+10	1560.000000	1.49406e+10	1560.000000	1.49037e+10	1560.000000	4.84342e+07	1560.000000	2.91491e+07	1560.000000	9.22281e+07	1560.000000	9.20549e+07	1560.000000	1.19321e+08	
1580.000000	2.0339e+10	1580.000000	1.52047e+10	1580.000000	1.51421e+10	1580.000000	1.51855e+10	1580.000000	1.51479e+10	1580.000000	4.89958e+07	1580.000000	2.96094e+07	1580.000000	9.34846e+07	1580.000000	9.34093e+07	1580.000000	1.21141e+08	
1600.000000	2.06701e+10	1600.000000	1.54503e+10	1600.000000	1.53865e+10	1600.000000	1.54306e+10	1600.000000	1.53924e+10	1600.000000	4.95535e+07	1600.000000	3.00702e+07	1600.000000	9.47366e+07	1600.000000	9.47609e+07	1600.000000	1.22957e+08	
1620.000000	2.10014e+10	1620.000000	1.56961e+10	1620.000000	1.56311e+10	1620.000000	1.5676e+10	1620.000000	1.56371e+10	1620.000000	5.01073e+07	1620.000000	3.05313e+07	1620.000000	9.59839e+07	1620.000000	9.61097e+07	1620.000000	1.2477e+08	
1640.000000	2.13328e+10	1640.000000	1.59421e+10	1640.000000	1.5876e+10	1640.000000	1.59216e+10	1640.000000	1.58821e+10	1640.000000	5.06573e+07	1640.000000	3.09928e+07	1640.000000	9.72267e+07	1640.000000	9.74555e+07	1640.000000	1.26581e+08	
1660.000000	2.16644e+10	1660.000000	1.61882e+10	1660.000000	1.61211e+10	1660.000000	1.61674e+10	1660.000000	1.61272e+10	1660.000000	5.12034e+07	1660.000000	3.14546e+07	1660.000000	9.84649e+07	1660.000000	9.87984e+07	1660.000000	1.28388e+08	
1680.000000	2.1996e+10	1680.000000	1.64345e+10	1680.000000	1.63664e+10	1680.000000	1.64135e+10	1680.000000	1.63726e+10	1680.000000	5.17457e+07	1680.000000	3.19166e+07	1680.000000	9.96984e+07	1680.000000	1.00138e+08	1680.000000	1.30192e+08	
1700.000000	2.23277e+10	1700.000000	1.66809e+10	1700.000000	1.66118e+10	1700.000000	1.66597e+10	1700.000000	1.66182e+10	1700.000000	5.22843e+07	1700.000000	3.23789e+07	1700.000000	1.00927e+08	1700.000000	1.01475e+08	1700.000000	1.31992e+08	
1750.000000	2.31573e+10	1750.000000	1.72974e+10	1750.000000	1.72264e+10	1750.000000	1.72761e+10	1750.000000	1.7233e+10	1750.000000	5.36144e+07	1750.000000	3.35357e+07	1750.000000	1.03979e+08	1750.000000	1.04803e+08	1750.000000	1.36478e+08	
1800.000000	2.39869e+10	1800.000000	1.79144e+10	1800.000000	1.78419e+10	1800.000000	1.78935e+10	1800.000000	1.78487e+10	1800.000000	5.49214e+07	1800.000000	3.46938e+07	1800.000000	1.07001e+08	1800.000000	1.0811e+08	1800.000000	1.40941e+08	
1850.000000	2.48163e+10	1850.000000	1.85318e+10	1850.000000	1.84584e+10	1850.000000	1.85119e+10	1850.000000	1.84654e+10	1850.000000	5.62059e+07	1850.000000	3.58531e+07	1850.000000	1.09995e+08	1850.000000	1.11396e+08	1850.000000	1.45381e+08	
1900.000000	2.56451e+10	1900.000000	1.91493e+10	1900.000000	1.90756e+10	1900.000000	1.9131e+10	1900.000000	1.90829e+10	1900.000000	5.74681e+07	1900.000000	3.70136e+07	1900.000000	1.12958e+08	1900.000000	1.1466e+08	1900.000000	1.49795e+08	
1950.000000	2.64733e+10	1950.000000	1.9767e+10	1950.000000	1.96935e+10	1950.000000	1.97507e+10	1950.000000	1.9701e+10	1950.000000	5.87085e+07	1950.000000	3.81752e+07	1950.000000	1.15892e+08	1950.000000	1.17902e+08	1950.000000	1.54183e+08	
2000.000000	2.73005e+10	2000.000000	2.03845e+10	2000.000000	2.03119e+10	2000.000000	2.03711e+10	2000.000000	2.03197e+10	2000.000000	5.99277e+07	2000.000000	3.93377e+07	2000.000000	1.18797e+08	2000.000000	1.21122e+08	2000.000000	1.58545e+08	
2100.000000	2.89513e+10	2100.000000	2.16188e+10	2100.000000	2.15502e+10	2100.000000	2.16131e+10	2100.000000	2.15584e+10	2100.000000	6.23035e+07	2100.000000	4.16648e+07	2100.000000	1.24519e+08	2100.000000	1.27491e+08	2100.000000	1.67185e+08	
2200.000000	3.05959e+10	2200.000000	2.28513e+10	2200.000000	2.27897e+10	2200.000000	2.28563e+10	2200.000000	2.27984e+10	2200.000000	6.4599e+07	2200.000000	4.39932e+07	2200.000000	1.30125e+08	2200.000000	1.33766e+08	2200.000000	1.75712e+08	
2300.000000	3.22332e+10	2300.000000	2.40812e+10	2300.000000	2.40299e+10	2300.000000	2.41002e+10	2300.000000	2.4039e+10	2300.000000	6.68175e+07	2300.000000	4.63213e+07	2300.000000	1.35616e+08	2300.000000	1.39946e+08	2300.000000	1.84123e+08	
2400.000000	3.38619e+10	2400.000000	2.53079e+10	2400.000000	2.52703e+10	2400.000000	2.53443e+10	2400.000000	2.52797e+10	2400.000000	6.89621e+07	2400.000000	4.86475e+07	2400.000000	1.40996e+08	2400.000000	1.46029e+08	2400.000000	1.92414e+08	
2500.000000	3.54812e+10	2500.000000	2.65308e+10	2500.000000	2.65105e+10	2500.000000	2.65881e+10	2500.000000	2.65203e+10	2500.000000	7.1036e+07	2500.000000	5.09704e+07	2500.000000	1.46265e+08	2500.000000	1.52015e+08	2500.000000	2.00584e+08	
2600.000000	3.70903e+10	2600.000000	2.77493e+10	2600.000000	2.77502e+10	2600.000000	2.78314e+10	2600.000000	2.77604e+10	2600.000000	7.30422e+07	2600.000000	5.32889e+07	2600.000000	1.51426e+08	2600.000000	1.57904e+08	2600.000000	2.08632e+08	
2700.000000	3.86885e+10	2700.000000	2.89631e+10	2700.000000	2.8989e+10	2700.000000	2.90739e+10	2700.000000	2.89996e+10	2700.000000	7.49836e+07	2700.000000	5.56019e+07	2700.000000	1.56482e+08	2700.000000	1.63697e+08	2700.000000	2.16559e+08	
2800.000000	4.02751e+10	2800.000000	3.01717e+10	2800.000000	3.02267e+10	2800.000000	3.03153e+10	2800.000000	3.02378e+10	2800.000000	7.68628e+07	2800.000000	5.79086e+07	2800.000000	1.61434e+08	2800.000000	1.69394e+08	2800.000000	2.24364e+08	
2900.000000	4.18497e+10	2900.000000	3.13749e+10	2900.000000	3.14632e+10	2900.000000	3.15555e+10	2900.000000	3.14747e+10	2900.000000	7.86826e+07	2900.000000	6.02085e+07	2900.000000	1.66286e+08	2900.000000	1.74996e+08	2900.000000	2.32047e+08	
3000.000000	4.34119e+10	3000.000000	3.25724e+10	3000.000000	3.26982e+10	3000.000000	3.27942e+10	3000.000000	3.27102e+10	3000.000000	8.04454e+07	3000.000000	6.25009e+07	3000.000000	1.7104e+08	3000.000000	1.80504e+08	3000.000000	2.3961e+08	
3200.000000	4.64977e+10	3200.000000	3.49494e+10	3200.000000	3.51634e+10	3200.000000	3.52666e+10	3200.000000	3.51763e+10	3200.000000	8.38096e+07	3200.000000	6.70616e+07	3200.000000	1.80263e+08	3200.000000	1.91244e+08	3200.000000	2.54377e+08	
3400.000000	4.95304e+10	3400.000000	3.73011e+10	3400.000000	3.76214e+10	3400.000000	3.77319e+10	3400.000000	3.76352e+10	3400.000000	8.69731e+07	3400.000000	7.15872e+07	3400.000000	1.89123e+08	3400.000000	2.01626e+08	3400.000000	2.68678e+08	
3600.000000	5.25086e+10	3600.000000	3.96267e+10	3600.000000	4.00716e+10	3600.000000	4.01892e+10	3600.000000	4.00863e+10	3600.000000	8.99522e+07	3600.000000	7.60752e+07	3600.000000	1.97641e+08	3600.000000	2.1166e+08	3600.000000	2.82524e+08	
3800.000000	5.54317e+10	3800.000000	4.19253e+10	3800.000000	4.25136e+10	3800.000000	4.26382e+10	3800.000000	4.25291e+10	3800.000000	9.27612e+07	3800.000000	8.05232e+07	3800.000000	2.05833e+08	3800.000000	2.2136e+08	3800.000000	2.95931e+08	
4000.000000	5.82994e+10	4000.000000	4.41967e+10	4000.000000	4.49471e+10	4000.000000	4.50786e+10	4000.000000	4.49633e+10	4000.000000	9.54134e+07	4000.000000	8.49295e+07	4000.000000	2.13717e+08	4000.000000	2.30739e+08	4000.000000	3.08912e+08	
4200.000000	6.11118e+10	4200.000000	4.64405e+10	4200.000000	4.73718e+10	4200.000000	4.75103e+10	4200.000000	4.73889e+10	4200.000000	9.79208e+07	4200.000000	8.92926e+07	4200.000000	2.21311e+08	4200.000000	2.3981e+08	4200.000000	3.21484e+08	
4400.000000	6.38692e+10	4400.000000	4.86568e+10	4400.000000	4.97879e+10	4400.000000	4.99332e+10	4400.000000	4.98057e+10	4400.000000	1.00294e+08	4400.000000	9.36116e+07	4400.000000	2.28629e+08	4400.000000	2.48587e+08	4400.000000	3.33663e+08	
4600.000000	6.65722e+10	4600.000000	5.08455e+10	4600.000000	5.21951e+10	4600.000000	5.23472e+10	4600.000000	5.22137e+10	4600.000000	1.02543e+08	4600.000000	9.78854e+07	4600.000000	2.35685e+08	4600.000000	2.5708e+08	4600.000000	3.45463e+08	
4800.000000	6.92216e+10	4800.000000	5.3007e+10	4800.000000	5.45936e+10	4800.000000	5.47523e+10	4800.000000	5.46129e+10	4800.000000	1.04677e+08	4800.000000	1.02114e+08	4800.000000	2.42495e+08	4800.000000	2.65303e+08	4800.000000	3.569e+08 	
5000.000000	7.18182e+10	5000.000000	5.51415e+10	5000.000000	5.69835e+10	5000.000000	5.71488e+10	5000.000000	5.70035e+10	5000.000000	1.06703e+08	5000.000000	1.06296e+08	5000.000000	2.49069e+08	5000.000000	2.73267e+08	5000.000000	3.67989e+08	
5250.000000	7.49913e+10	5250.000000	5.77719e+10	5250.000000	5.99587e+10	5250.000000	6.01323e+10	5250.000000	5.99797e+10	5250.000000	1.09097e+08	5250.000000	1.11459e+08	5250.000000	2.56976e+08	5250.000000	2.82875e+08	5250.000000	3.81381e+08	
5500.000000	7.80854e+10	5500.000000	6.03613e+10	5500.000000	6.29208e+10	5500.000000	6.31025e+10	5500.000000	6.29427e+10	5500.000000	1.11348e+08	5500.000000	1.16549e+08	5500.000000	2.64557e+08	5500.000000	2.92118e+08	5500.000000	3.94278e+08	
6000.000000	8.40456e+10	6000.000000	6.54201e+10	6000.000000	6.88066e+10	6000.000000	6.90043e+10	6000.000000	6.88303e+10	6000.000000	1.15466e+08	6000.000000	1.26515e+08	6000.000000	2.78819e+08	6000.000000	3.09581e+08	6000.000000	4.18686e+08	
6500.000000	8.97162e+10	6500.000000	7.03245e+10	6500.000000	7.46432e+10	6500.000000	7.48566e+10	6500.000000	7.46687e+10	6500.000000	1.19138e+08	6500.000000	1.36197e+08	6500.000000	2.91999e+08	6500.000000	3.258e+08 	6500.000000	4.41398e+08	
7000.000000	9.51149e+10	7000.000000	7.50818e+10	7000.000000	8.04331e+10	7000.000000	8.06619e+10	7000.000000	8.04603e+10	7000.000000	1.22429e+08	7000.000000	1.45602e+08	7000.000000	3.04217e+08	7000.000000	3.40901e+08	7000.000000	4.62581e+08	
7500.000000	1.00259e+11	7500.000000	7.96992e+10	7500.000000	8.61787e+10	7500.000000	8.64226e+10	7500.000000	8.62076e+10	7500.000000	1.25392e+08	7500.000000	1.54739e+08	7500.000000	3.15579e+08	7500.000000	3.54996e+08	7500.000000	4.82382e+08	
8000.000000	1.05164e+11	8000.000000	8.41836e+10	8000.000000	9.18822e+10	8000.000000	9.2141e+10	8000.000000	9.19129e+10	8000.000000	1.28071e+08	8000.000000	1.63615e+08	8000.000000	3.26174e+08	8000.000000	3.6818e+08	8000.000000	5.00932e+08	
8500.000000	1.09846e+11	8500.000000	8.85417e+10	8500.000000	9.7546e+10	8500.000000	9.78194e+10	8500.000000	9.75784e+10	8500.000000	1.30503e+08	8500.000000	1.72243e+08	8500.000000	3.36079e+08	8500.000000	3.8054e+08	8500.000000	5.18344e+08	
9000.000000	1.14318e+11	9000.000000	9.27799e+10	9000.000000	1.03172e+11	9000.000000	1.0346e+11	9000.000000	1.03206e+11	9000.000000	1.32719e+08	9000.000000	1.80632e+08	9000.000000	3.45362e+08	9000.000000	3.92151e+08	9000.000000	5.34721e+08	
9500.000000	1.18595e+11	9500.000000	9.69044e+10	9500.000000	1.08762e+11	9500.000000	1.09064e+11	9500.000000	1.08798e+11	9500.000000	1.34744e+08	9500.000000	1.88792e+08	9500.000000	3.54081e+08	9500.000000	4.0308e+08	9500.000000	5.50155e+08	
10000.000000	1.22688e+11	10000.000000	1.00921e+11	10000.000000	1.14319e+11	10000.000000	1.14634e+11	10000.000000	1.14356e+11	10000.000000	1.36601e+08	10000.000000	1.96735e+08	10000.000000	3.62288e+08	10000.000000	4.13386e+08	10000.000000	5.64724e+08	
11000.000000	1.3037e+11	11000.000000	1.0865e+11	11000.000000	1.25336e+11	11000.000000	1.25678e+11	11000.000000	1.25376e+11	11000.000000	1.39883e+08	11000.000000	2.12002e+08	11000.000000	3.77343e+08	11000.000000	4.32333e+08	11000.000000	5.91549e+08	
12000.000000	1.37442e+11	12000.000000	1.16007e+11	12000.000000	1.36235e+11	12000.000000	1.36604e+11	12000.000000	1.36278e+11	12000.000000	1.42686e+08	12000.000000	2.2649e+08	12000.000000	3.90831e+08	12000.000000	4.49348e+08	12000.000000	6.15685e+08	
13000.000000	1.43977e+11	13000.000000	1.23025e+11	13000.000000	1.47026e+11	13000.000000	1.4742e+11	13000.000000	1.47072e+11	13000.000000	1.45104e+08	13000.000000	2.4026e+08	13000.000000	4.0299e+08	13000.000000	4.64718e+08	13000.000000	6.37524e+08	
14000.000000	1.50032e+11	14000.000000	1.29734e+11	14000.000000	1.57718e+11	14000.000000	1.58137e+11	14000.000000	1.57767e+11	14000.000000	1.47205e+08	14000.000000	2.53382e+08	14000.000000	4.14016e+08	14000.000000	4.78674e+08	14000.000000	6.57388e+08	
15000.000000	1.55659e+11	15000.000000	1.3616e+11	15000.000000	1.68319e+11	15000.000000	1.68762e+11	15000.000000	1.6837e+11	15000.000000	1.49045e+08	15000.000000	2.65916e+08	15000.000000	4.24064e+08	15000.000000	4.91406e+08	15000.000000	6.75539e+08	
16000.000000	1.60902e+11	16000.000000	1.42326e+11	16000.000000	1.78836e+11	16000.000000	1.79302e+11	16000.000000	1.78889e+11	16000.000000	1.50666e+08	16000.000000	2.77911e+08	16000.000000	4.33263e+08	16000.000000	5.03071e+08	16000.000000	6.92195e+08	
17000.000000	1.658e+11 	17000.000000	1.48254e+11	17000.000000	1.89273e+11	17000.000000	1.89762e+11	17000.000000	1.89329e+11	17000.000000	1.52103e+08	17000.000000	2.89401e+08	17000.000000	4.41719e+08	17000.000000	5.13801e+08	17000.000000	7.07537e+08	
18000.000000	1.70385e+11	18000.000000	1.5396e+11	18000.000000	1.99637e+11	18000.000000	2.00148e+11	18000.000000	1.99695e+11	18000.000000	1.53384e+08	18000.000000	3.00418e+08	18000.000000	4.49521e+08	18000.000000	5.23704e+08	18000.000000	7.2172e+08	
19000.000000	1.74687e+11	19000.000000	1.59461e+11	19000.000000	2.09932e+11	19000.000000	2.10464e+11	19000.000000	2.09992e+11	19000.000000	1.54532e+08	19000.000000	3.10992e+08	19000.000000	4.56746e+08	19000.000000	5.32876e+08	19000.000000	7.34876e+08	
20000.000000	1.78731e+11	20000.000000	1.64772e+11	20000.000000	2.20162e+11	20000.000000	2.20715e+11	20000.000000	2.20225e+11	20000.000000	1.55564e+08	20000.000000	3.2115e+08	20000.000000	4.63457e+08	20000.000000	5.41397e+08	20000.000000	7.47115e+08	
21000.000000	1.8254e+11	21000.000000	1.69906e+11	21000.000000	2.3033e+11	21000.000000	2.30904e+11	21000.000000	2.30396e+11	21000.000000	1.56497e+08	21000.000000	3.30919e+08	21000.000000	4.69707e+08	21000.000000	5.49332e+08	21000.000000	7.58531e+08	
22000.000000	1.86134e+11	22000.000000	1.74874e+11	22000.000000	2.40441e+11	22000.000000	2.41035e+11	22000.000000	2.40509e+11	22000.000000	1.57342e+08	22000.000000	3.40334e+08	22000.000000	4.75546e+08	22000.000000	5.56744e+08	22000.000000	7.69211e+08	
23000.000000	1.89531e+11	23000.000000	1.79686e+11	23000.000000	2.50497e+11	23000.000000	2.51111e+11	23000.000000	2.50568e+11	23000.000000	1.58112e+08	23000.000000	3.49421e+08	23000.000000	4.81012e+08	23000.000000	5.63682e+08	23000.000000	7.79221e+08	
24000.000000	1.92746e+11	24000.000000	1.84354e+11	24000.000000	2.60501e+11	24000.000000	2.61134e+11	24000.000000	2.60574e+11	24000.000000	1.58815e+08	24000.000000	3.58196e+08	24000.000000	4.86142e+08	24000.000000	5.70191e+08	24000.000000	7.88629e+08	
25000.000000	1.95794e+11	25000.000000	1.88885e+11	25000.000000	2.70455e+11	25000.000000	2.71108e+11	25000.000000	2.70532e+11	25000.000000	1.59458e+08	25000.000000	3.66677e+08	25000.000000	4.90965e+08	25000.000000	5.7631e+08	25000.000000	7.97487e+08	
26000.000000	1.98688e+11	26000.000000	1.93287e+11	26000.000000	2.80363e+11	26000.000000	2.81034e+11	26000.000000	2.80442e+11	26000.000000	1.60049e+08	26000.000000	3.74882e+08	26000.000000	4.9551e+08	26000.000000	5.82074e+08	26000.000000	8.05844e+08	
27000.000000	2.01438e+11	27000.000000	1.97567e+11	27000.000000	2.90226e+11	27000.000000	2.90914e+11	27000.000000	2.90307e+11	27000.000000	1.60594e+08	27000.000000	3.82828e+08	27000.000000	4.99801e+08	27000.000000	5.87513e+08	27000.000000	8.13743e+08	
28000.000000	2.04055e+11	28000.000000	2.01733e+11	28000.000000	3.00046e+11	28000.000000	3.00751e+11	28000.000000	3.0013e+11	28000.000000	1.61096e+08	28000.000000	3.9053e+08	28000.000000	5.03858e+08	28000.000000	5.92654e+08	28000.000000	8.21223e+08	
29000.000000	2.06548e+11	29000.000000	2.0579e+11	29000.000000	3.09825e+11	29000.000000	3.10546e+11	29000.000000	3.09911e+11	29000.000000	1.61561e+08	29000.000000	3.98004e+08	29000.000000	5.077e+08 	29000.000000	5.97521e+08	29000.000000	8.28315e+08	
30000.000000	2.08927e+11	30000.000000	2.09745e+11	30000.000000	3.19564e+11	30000.000000	3.20302e+11	30000.000000	3.19653e+11	30000.000000	1.61992e+08	30000.000000	4.05262e+08	30000.000000	5.11345e+08	30000.000000	6.02136e+08	30000.000000	8.35054e+08	
32000.000000	2.13369e+11	32000.000000	2.17365e+11	32000.000000	3.38931e+11	32000.000000	3.39699e+11	32000.000000	3.39024e+11	32000.000000	1.62766e+08	32000.000000	4.19176e+08	32000.000000	5.181e+08 	32000.000000	6.10684e+08	32000.000000	8.47565e+08	
34000.000000	2.17435e+11	34000.000000	2.24632e+11	34000.000000	3.58158e+11	34000.000000	3.58954e+11	34000.000000	3.58255e+11	34000.000000	1.63439e+08	34000.000000	4.32346e+08	34000.000000	5.24225e+08	34000.000000	6.18429e+08	34000.000000	8.58943e+08	
36000.000000	2.2117e+11	36000.000000	2.31577e+11	36000.000000	3.77254e+11	36000.000000	3.78077e+11	36000.000000	3.77356e+11	36000.000000	1.64029e+08	36000.000000	4.44838e+08	36000.000000	5.29806e+08	36000.000000	6.2548e+08	36000.000000	8.69343e+08	
38000.000000	2.24613e+11	38000.000000	2.38229e+11	38000.000000	3.9623e+11	38000.000000	3.97077e+11	38000.000000	3.96336e+11	38000.000000	1.64549e+08	38000.000000	4.56712e+08	38000.000000	5.34913e+08	38000.000000	6.31925e+08	38000.000000	8.78888e+08	
40000.000000	2.27795e+11	40000.000000	2.44612e+11	40000.000000	4.15091e+11	40000.000000	4.1596e+11	40000.000000	4.15202e+11	40000.000000	1.65011e+08	40000.000000	4.68023e+08	40000.000000	5.396e+08 	40000.000000	6.37838e+08	40000.000000	8.8768e+08	
42000.000000	2.30745e+11	42000.000000	2.50747e+11	42000.000000	4.33846e+11	42000.000000	4.34735e+11	42000.000000	4.33961e+11	42000.000000	1.65422e+08	42000.000000	4.78818e+08	42000.000000	5.43918e+08	42000.000000	6.43282e+08	42000.000000	8.9581e+08	
44000.000000	2.33486e+11	44000.000000	2.56654e+11	44000.000000	4.525e+11 	44000.000000	4.53407e+11	44000.000000	4.5262e+11	44000.000000	1.6579e+08	44000.000000	4.89138e+08	44000.000000	5.47909e+08	44000.000000	6.48309e+08	44000.000000	9.03351e+08	
46000.000000	2.3604e+11	46000.000000	2.62349e+11	46000.000000	4.71059e+11	46000.000000	4.71982e+11	46000.000000	4.71183e+11	46000.000000	1.66121e+08	46000.000000	4.9902e+08	46000.000000	5.51605e+08	46000.000000	6.52963e+08	46000.000000	9.10365e+08	
48000.000000	2.38425e+11	48000.000000	2.67847e+11	48000.000000	4.89527e+11	48000.000000	4.90465e+11	48000.000000	4.89657e+11	48000.000000	1.66421e+08	48000.000000	5.08495e+08	48000.000000	5.55039e+08	48000.000000	6.57284e+08	48000.000000	9.1691e+08	
50000.000000	2.40656e+11	50000.000000	2.73162e+11	50000.000000	5.07911e+11	50000.000000	5.0886e+11	50000.000000	5.08046e+11	50000.000000	1.66692e+08	50000.000000	5.17593e+08	50000.000000	5.58235e+08	50000.000000	6.61303e+08	50000.000000	9.23027e+08	
